Angle,Distance,StartBit,Health
262.44,678.5,0.0,15.0
269.41,0.0,0.0,0.0
270.58,0.0,0.0,0.0
264.19,3571.75,0.0,15.0
265.33,3634.25,0.0,15.0
266.52,3708.75,0.0,15.0
267.7,3780.0,0.0,15.0
268.86,3879.0,0.0,15.0
270.02,3976.25,0.0,15.0
278.7,0.0,0.0,0.0
274.63,551.5,0.0,15.0
276.0,365.75,0.0,15.0
28.25,12495.5,0.0,15.0
11.25,591.5,1.0,1.0
32.83,359.0,0.0,15.0
125.31,1170.25,0.0,15.0
270.14,3969.25,1.0,1.0
11.05,354.75,1.0,5.0
48.52,1785.25,0.0,15.0
412.22,2025.75,1.0,61.0
124.03,394.75,1.0,59.0
72.23,2284.25,0.0,0.0
282.28,3969.5,1.0,29.0
79.16,442.25,0.0,15.0
82.58,457.5,0.0,0.0
336.73,3969.75,0.0,0.0
90.55,3016.5,0.0,15.0
97.63,285.25,0.0,15.0
101.58,0.0,0.0,0.0
103.92,128.0,0.0,0.0
112.14,0.0,0.0,0.0
4.98,3699.75,0.0,15.0
110.5,3612.75,0.0,15.0
116.44,911.25,0.0,15.0
122.36,896.25,0.0,15.0
195.52,10895.5,0.0,15.0
129.14,856.25,0.0,15.0
463.47,4880.25,0.0,15.0
136.56,829.25,0.0,15.0
137.73,828.0,0.0,15.0
24.17,13775.5,0.0,15.0
412.56,3971.0,0.0,15.0
151.95,824.75,0.0,15.0
153.05,825.25,0.0,15.0
52.59,3971.25,1.0,47.0
160.09,845.5,0.0,15.0
161.17,7060.25,0.0,15.0
168.08,896.0,0.0,15.0
175.56,0.0,0.0,0.0
28.45,6735.5,1.0,21.0
179.92,1642.75,0.0,15.0
180.31,1664.25,0.0,15.0
183.8,1734.0,0.0,15.0
184.95,6003.25,0.0,15.0
76.39,6153.75,0.0,15.0
28.77,2831.5,0.0,24.0
199.91,6494.5,0.0,15.0
124.33,6549.25,0.0,25.0
217.78,498.5,0.0,15.0
218.73,500.0,0.0,15.0
124.05,7112.25,0.0,15.0
234.05,486.5,0.0,47.0
235.5,4005.5,0.0,15.0
326.92,3969.75,1.0,27.0
125.31,7903.75,0.0,15.0
251.31,566.75,0.0,15.0
252.52,580.0,0.0,15.0
259.23,0.0,0.0,15.0
260.41,0.0,0.0,15.0
21.0,10319.5,1.0,32.0
268.64,0.0,0.0,0.0
262.27,3459.5,0.0,15.0
265.59,8518.25,0.0,15.0
5.86,8860.75,0.0,15.0
276.38,531.75,0.0,8.0
277.39,9122.25,0.0,10.0
286.25,0.0,0.0,0.0
124.45,9029.25,0.0,5.0
287.72,630.25,0.0,15.0
291.22,614.75,0.0,15.0
124.06,3970.25,0.0,26.0
91.16,128.0,1.0,42.0
98.02,40.0,0.0,0.0
321.55,0.0,0.0,0.0
125.55,10515.75,0.0,15.0
5.75,10624.75,0.0,15.0
1.64,5455.5,0.0,12.0
339.03,3968.0,0.0,15.0
51.33,12495.5,1.0,45.0
348.75,442.0,0.0,9.0
354.41,0.0,0.0,0.0
350.98,460.5,0.0,15.0
352.19,3961.5,0.0,15.0
365.38,3969.5,1.0,25.0
350.05,0.75,1.0,30.0
8.53,0.0,0.0,0.0
6.2,431.75,0.0,15.0
7.83,426.25,0.0,15.0
124.81,355.75,0.0,15.0
486.06,3969.25,1.0,57.0
26.78,366.0,0.0,15.0
314.11,1137.25,1.0,52.0
42.53,353.5,0.0,15.0
45.88,354.25,0.0,15.0
58.13,0.0,0.0,0.0
59.31,0.0,0.0,0.0
60.48,0.0,0.0,0.0
57.78,368.5,0.0,15.0
59.02,13767.5,0.0,15.0
65.89,385.5,0.0,15.0
66.8,395.0,0.0,15.0
72.25,0.0,0.0,0.0
73.42,0.0,0.0,0.0
70.09,399.25,0.0,15.0
74.83,419.5,0.0,15.0
338.28,2945.5,1.0,58.0
79.42,442.75,0.0,15.0
87.58,3968.0,0.0,0.0
90.53,534.25,0.0,15.0
91.64,2177.0,0.0,13.0
106.42,0.0,0.0,0.0
109.97,3968.0,0.0,13.0
102.41,3971.25,1.0,40.0
124.44,3803.75,1.0,41.0
124.09,3914.25,1.0,61.0
123.56,882.25,0.0,15.0
124.72,867.25,0.0,15.0
125.11,4181.75,0.0,15.0
26.58,8911.5,1.0,16.0
124.09,4296.75,0.0,16.0
124.89,4560.75,0.0,15.0
143.61,820.5,0.0,15.0
144.81,826.5,0.0,15.0
145.95,830.0,0.0,15.0
147.22,6515.25,0.0,15.0
151.86,832.5,0.0,15.0
155.3,7887.5,0.0,15.0
26.67,12239.5,1.0,3.0
167.06,878.25,0.0,15.0
182.8,1686.25,0.0,0.0
179.22,6095.5,0.0,15.0
187.31,8527.5,0.0,15.0
196.38,6863.5,0.0,15.0
368.02,3978.75,0.0,15.0
204.78,3978.75,1.0,51.0
209.48,2698.25,0.0,15.0
210.66,2666.0,0.0,15.0
219.19,0.0,0.0,0.0
217.78,499.75,0.0,15.0
218.98,501.25,0.0,15.0
124.05,7117.75,0.0,57.0
223.52,540.0,0.0,10.0
225.78,546.5,0.0,15.0
226.88,471.0,0.0,15.0
230.77,7537.5,0.0,15.0
235.36,487.0,0.0,15.0
236.56,487.0,0.0,15.0
237.78,4007.75,0.0,15.0
24.05,3970.0,0.0,41.0
244.94,531.25,1.0,46.0
124.97,8014.25,0.0,15.0
124.73,8261.75,0.0,15.0
1.03,3968.0,1.0,41.0
267.02,5616.5,0.0,15.0
100.05,3970.0,0.0,61.0
16.06,10058.5,1.0,34.0
124.05,128.0,0.0,41.0
112.39,14287.5,0.0,35.0
307.13,6991.5,1.0,40.0
18.06,10319.5,1.0,25.0
306.47,9856.0,0.0,14.0
309.98,0.0,0.0,0.0
313.3,175.5,0.0,15.0
0.23,14528.5,0.0,0.0
321.14,15552.5,0.0,15.0
331.06,0.0,0.0,0.0
329.42,532.0,0.0,12.0
338.25,0.0,0.0,11.0
27.44,5071.5,0.0,15.0
124.09,10940.25,0.0,5.0
124.08,10956.75,0.0,28.0
345.08,459.0,1.0,18.0
346.33,129.75,0.0,15.0
350.97,14799.25,0.0,15.0
363.38,3969.5,1.0,23.0
0.06,3968.0,0.0,0.0
8.91,418.75,0.0,15.0
116.05,14031.5,1.0,0.0
434.08,833.25,1.0,12.0
35.84,356.25,0.0,15.0
124.72,1248.75,0.0,15.0
124.03,1366.75,0.0,33.0
124.03,1405.75,1.0,33.0
274.17,3969.25,1.0,2.0
278.17,6464.5,1.0,49.0
55.95,1856.0,0.0,0.0
59.48,0.0,0.0,0.0
60.66,0.0,0.0,0.0
57.88,367.25,0.0,15.0
59.09,369.75,0.0,15.0
151.94,14663.75,0.0,15.0
100.25,4360.75,1.0,27.0
174.27,3969.5,1.0,56.0
79.14,438.25,1.0,9.0
79.66,442.0,0.0,15.0
4.05,2808.75,1.0,3.0
124.19,2832.75,0.0,15.0
261.47,129.0,0.0,8.0
106.63,0.0,0.0,0.0
107.8,0.0,0.0,0.0
0.42,128.0,1.0,5.0
108.59,893.5,0.0,15.0
109.83,3971.5,0.0,10.0
360.45,3971.25,1.0,39.0
24.09,3971.5,1.0,49.0
127.47,862.75,0.0,15.0
128.66,856.0,0.0,15.0
26.72,4175.5,1.0,16.0
124.09,828.75,1.0,2.0
138.08,825.25,0.0,15.0
146.33,824.75,0.0,15.0
147.59,817.5,0.0,15.0
502.75,13330.5,0.0,15.0
151.03,825.5,0.0,15.0
154.53,837.25,0.0,15.0
155.7,837.75,0.0,15.0
157.97,837.75,0.0,15.0
124.09,5206.25,1.0,16.0
124.09,5317.75,0.0,23.0
284.67,3971.5,1.0,12.0
185.3,1816.0,1.0,60.0
4.45,3975.25,0.0,14.0
194.11,1066.0,0.0,15.0
205.44,12239.5,0.0,0.0
124.33,2756.75,1.0,62.0
206.17,14415.5,0.0,15.0
276.81,3978.25,1.0,30.0
124.05,6937.25,0.0,15.0
217.97,499.5,0.0,15.0
219.03,499.25,0.0,15.0
220.25,502.0,0.0,15.0
221.58,0.0,0.0,15.0
224.61,597.0,0.0,15.0
15.98,15311.5,0.0,28.0
124.05,7467.75,0.0,28.0
236.05,486.75,1.0,41.0
125.97,7730.25,0.0,15.0
242.63,517.25,0.0,15.0
246.19,531.25,0.0,15.0
247.09,7979.75,0.0,15.0
250.52,3968.0,0.0,15.0
1.0,8230.25,1.0,50.0
260.2,2434.25,0.0,15.0
459.03,15436.5,1.0,11.0
15.84,458.5,0.0,33.0
274.3,15936.75,0.0,12.0
15.33,463.5,0.0,34.0
287.73,9024.0,0.0,0.0
284.86,576.75,0.0,15.0
290.34,15212.25,0.0,15.0
18.84,655.5,0.0,36.0
304.19,0.0,0.0,15.0
0.88,3456.0,0.0,0.0
313.34,10109.75,0.0,15.0
31.23,3970.25,1.0,24.0
328.86,0.0,0.0,15.0
331.73,538.5,0.0,8.0
113.3,3970.5,1.0,27.0
23.81,14543.5,1.0,42.0
348.81,487.5,0.0,9.0
99.36,3969.75,1.0,33.0
124.05,11390.25,1.0,0.0
3.02,0.0,0.0,0.0
5.25,128.0,0.0,0.0
5.58,437.25,0.0,15.0
192.03,3969.5,0.0,15.0
17.56,387.0,0.0,15.0
38.77,15426.5,0.0,15.0
124.03,907.25,0.0,49.0
124.03,955.75,0.0,43.0
31.73,358.75,0.0,15.0
11.14,5967.5,1.0,4.0
270.14,3969.25,1.0,37.0
11.03,847.5,1.0,5.0
280.17,6.75,1.0,47.0
55.81,0.0,0.0,0.0
56.98,128.0,0.0,0.0
0.22,1886.75,1.0,43.0
124.03,14599.75,0.0,51.0
66.7,395.5,0.0,15.0
70.56,400.25,0.0,0.0
71.38,405.5,0.0,15.0
242.28,3969.5,0.0,15.0
13.11,15823.5,1.0,9.0
78.14,2729.75,0.0,15.0
88.83,0.0,0.0,15.0
15.66,3663.5,0.0,15.0
89.42,2933.75,0.0,15.0
96.03,290.0,0.0,7.0
96.67,287.25,0.0,8.0
101.75,0.0,0.0,0.0
105.28,6720.5,0.0,0.0
113.53,4815.5,0.0,15.0
111.86,932.25,0.0,15.0
114.97,918.0,0.0,15.0
115.31,14162.75,0.0,15.0
27.63,11855.5,0.0,14.0
16.47,3971.5,1.0,16.0
126.06,867.5,0.0,15.0
411.28,4752.0,0.0,15.0
26.19,6223.5,0.0,16.0
141.45,822.75,0.0,15.0
142.61,8563.75,0.0,15.0
146.13,12732.5,0.0,15.0
149.69,10831.5,0.0,15.0
124.09,5204.75,0.0,16.0
169.53,896.0,0.0,40.0
270.67,3971.5,1.0,10.0
178.28,1643.0,0.0,15.0
51.42,14287.5,0.0,15.0
314.09,5143.0,0.0,22.0
186.36,128.5,0.0,15.0
124.13,6253.25,0.0,0.0
196.58,922.75,0.0,15.0
197.77,25.5,0.0,15.0
199.06,2865.5,0.0,15.0
124.22,6480.75,0.0,15.0
207.7,2730.0,0.0,15.0
207.23,2734.25,0.0,15.0
208.42,6479.5,0.0,15.0
83.03,504.5,1.0,26.0
217.88,7086.25,0.0,15.0
19.61,15055.5,0.0,15.0
227.17,13647.5,0.0,15.0
346.97,3969.75,0.0,15.0
14.91,207.5,1.0,16.0
124.61,7876.75,0.0,15.0
361.2,3970.0,0.0,15.0
398.97,32.25,1.0,19.0
258.38,3970.75,0.0,15.0
105.44,577.25,0.0,32.0
267.28,513.75,0.0,11.0
15.05,2690.0,1.0,29.0
16.06,6991.5,1.0,34.0
280.17,7360.5,0.0,15.0
290.08,0.0,0.0,0.0
287.97,4020.5,0.0,15.0
299.13,5442.25,1.0,51.0
301.83,3968.0,0.0,15.0
4.06,11215.5,0.0,0.0
318.3,0.0,0.0,0.0
321.81,0.0,0.0,0.0
319.97,568.5,0.0,0.0
321.16,7286.0,0.0,15.0
329.92,0.0,0.0,0.0
326.67,16347.0,0.0,11.0
16.75,3016.5,1.0,41.0
335.52,876.75,0.0,15.0
336.83,833.75,0.0,15.0
338.14,10959.5,0.0,15.0
23.8,5455.5,1.0,42.0
22.81,3983.5,0.0,42.0
345.33,3648.5,0.0,15.0
99.36,3969.75,1.0,32.0
5.88,131.75,0.0,15.0
8.83,975.5,0.0,0.0
192.03,3969.5,1.0,35.0
24.8,369.75,0.0,15.0
11.34,11343.5,0.0,3.0
11.3,3983.5,0.0,3.0
36.14,354.5,1.0,3.0
38.06,354.25,0.0,15.0
39.02,8581.0,0.0,15.0
124.03,1367.25,1.0,33.0
124.03,1434.25,0.0,33.0
48.52,355.75,0.0,15.0
53.5,0.0,0.0,0.0
54.67,0.0,0.0,0.0
55.84,0.0,0.0,0.0
60.55,3968.0,0.0,0.0
124.03,1964.25,0.0,51.0
186.03,2760.25,0.0,59.0
72.52,2389.25,0.0,15.0
79.45,442.75,0.0,15.0
85.19,2801.25,0.0,0.0
338.33,15745.75,1.0,5.0
89.3,9483.25,0.0,15.0
98.14,7360.0,0.0,0.0
101.66,0.0,0.0,0.0
106.36,0.0,0.0,0.0
109.89,0.0,0.0,15.0
111.06,0.0,0.0,0.0
302.23,2957.25,0.0,0.0
111.69,3971.5,0.0,15.0
156.44,3971.5,1.0,37.0
322.45,131.25,0.0,14.0
246.48,3971.25,1.0,32.0
130.59,856.5,0.0,15.0
131.73,3987.5,0.0,15.0
32.52,3971.25,1.0,5.0
141.33,821.75,0.0,15.0
146.02,830.75,0.0,15.0
147.19,12751.5,0.0,15.0
154.17,13391.5,0.0,15.0
70.61,3971.25,1.0,29.0
124.09,3981.75,1.0,16.0
28.66,16207.5,1.0,16.0
334.67,16195.5,1.0,37.0
177.97,1701.75,0.0,15.0
181.56,13015.0,0.0,15.0
186.17,1812.0,0.0,15.0
187.3,6296.75,0.0,13.0
190.98,1627.25,0.0,15.0
116.75,3971.75,1.0,37.0
198.83,2873.25,0.0,15.0
199.98,3979.0,0.0,15.0
87.41,12367.5,1.0,25.0
464.81,3978.25,1.0,18.0
124.81,6967.75,1.0,56.0
15.77,2127.5,0.0,15.0
225.64,558.0,0.0,15.0
14.75,6095.5,0.0,15.0
51.77,10717.25,0.0,15.0
235.34,487.75,0.0,15.0
328.92,7745.75,1.0,25.0
243.47,7375.5,0.0,15.0
247.88,544.75,0.0,15.0
249.09,549.25,0.0,15.0
251.53,3702.5,0.0,15.0
255.69,3970.5,0.0,15.0
22.61,8015.5,1.0,32.0
24.06,3202.0,0.0,31.0
271.77,515.0,0.0,9.0
32.8,3970.0,0.0,11.0
417.08,3969.75,1.0,58.0
289.7,0.0,0.0,0.0
371.28,14051.75,0.0,15.0
295.83,597.25,0.0,36.0
296.95,145.0,0.0,15.0
1.19,3968.0,1.0,7.0
4.91,1736.5,0.0,0.0
5.47,13376.5,1.0,39.0
322.67,0.0,0.0,0.0
327.39,15183.5,0.0,15.0
329.28,534.25,0.0,12.0
330.39,2196.25,0.0,12.0
342.66,773.5,0.0,15.0
340.08,740.5,0.0,15.0
53.42,3970.0,0.0,15.0
348.42,464.5,0.0,15.0
349.42,467.75,0.0,15.0
350.64,3980.75,0.0,15.0
89.36,129.75,1.0,62.0
357.0,433.0,0.0,15.0
2.52,832.0,0.0,0.0
124.05,12864.5,1.0,8.0
6.25,432.75,0.0,15.0
8.69,420.75,0.0,15.0
20.38,378.25,0.0,15.0
124.11,814.75,0.0,15.0
338.03,3969.25,1.0,47.0
10.11,14927.5,1.0,15.0
124.03,1131.25,0.0,37.0
446.03,8900.5,0.0,36.0
41.08,353.75,0.0,15.0
124.03,1473.75,0.0,15.0
124.03,351.75,0.0,34.0
53.17,128.0,0.0,0.0
57.88,0.0,0.0,0.0
59.05,0.0,0.0,0.0
60.22,0.0,0.0,0.0
0.03,9664.5,0.0,61.0
78.95,267.25,0.0,12.0
242.09,10.5,0.0,15.0
84.55,365.25,0.0,15.0
124.05,2917.25,0.0,58.0
95.3,286.5,0.0,8.0
97.53,289.25,0.0,8.0
103.64,0.0,0.0,0.0
107.16,0.0,0.0,0.0
108.33,0.0,0.0,0.0
13.03,5568.5,0.0,14.0
111.84,0.0,0.0,0.0
124.75,3454.75,0.0,15.0
330.09,9613.75,0.0,37.0
28.64,207.5,0.0,34.0
124.48,3830.25,0.0,14.0
124.09,9562.25,0.0,47.0
27.67,5839.5,1.0,15.0
133.92,837.25,0.0,15.0
137.52,828.0,0.0,15.0
142.19,820.75,0.0,15.0
125.78,4779.75,0.0,15.0
154.0,831.5,0.0,15.0
27.19,11471.5,0.0,15.0
124.09,3974.75,1.0,15.0
168.09,895.0,1.0,37.0
170.27,899.5,0.0,15.0
171.47,906.5,0.0,15.0
172.61,14287.5,0.0,15.0
28.91,5880.25,0.0,21.0
177.8,1647.5,0.0,15.0
181.27,1668.75,0.0,15.0
194.42,10391.0,0.0,15.0
185.88,1810.25,0.0,15.0
193.89,1152.0,0.0,23.0
194.75,997.5,0.0,15.0
204.86,0.0,0.0,0.0
200.53,2824.75,0.0,15.0
86.06,14287.5,0.0,15.0
327.5,2138.0,0.0,25.0
216.39,506.25,0.0,15.0
221.11,4023.5,0.0,15.0
229.33,11229.0,0.0,15.0
234.05,13263.5,0.0,15.0
15.2,8143.5,0.0,29.0
124.05,7753.25,1.0,54.0
245.55,530.5,0.0,15.0
249.03,553.5,0.0,15.0
18.27,10191.5,0.0,31.0
256.8,688.25,0.0,15.0
267.48,0.0,0.0,0.0
116.06,8545.25,0.0,5.0
270.73,514.0,0.0,11.0
271.66,514.25,0.0,12.0
16.13,10443.5,1.0,34.0
278.7,494.5,1.0,34.0
288.56,0.0,0.0,0.0
112.28,591.5,0.0,35.0
291.03,4007.0,0.0,15.0
124.06,9571.75,1.0,2.0
308.59,0.0,0.0,11.0
125.78,9980.75,0.0,0.0
313.06,46.25,0.0,15.0
316.83,128.0,0.0,0.0
125.59,10516.25,0.0,15.0
333.38,3648.0,0.0,12.0
1.61,5967.5,0.0,11.0
337.73,804.0,0.0,6.0
339.06,1.5,0.0,15.0
343.42,454.0,0.0,15.0
347.38,5956.75,0.0,15.0
352.23,11756.25,0.0,15.0
13.38,9167.5,1.0,57.0
4.05,158.75,0.0,31.0
8.48,0.0,0.0,0.0
9.66,14415.5,0.0,0.0
8.69,6465.25,0.0,15.0
23.17,372.5,0.0,15.0
11.36,9551.5,0.0,3.0
124.03,1044.75,0.0,39.0
36.52,356.25,0.0,15.0
11.03,14799.5,1.0,1.0
124.03,1498.75,1.0,5.0
124.03,144.75,1.0,35.0
0.2,128.0,1.0,12.0
0.2,128.0,1.0,50.0
57.91,0.0,0.0,0.0
59.08,0.0,0.0,0.0
412.25,3969.25,0.0,0.0
390.22,1992.25,1.0,24.0
12.23,192.5,1.0,8.0
125.2,2241.75,0.0,0.0
77.86,50.5,0.0,15.0
81.44,3972.0,0.0,15.0
124.05,2743.75,1.0,44.0
124.05,2812.75,1.0,49.0
9.45,13512.5,0.0,15.0
104.86,0.0,0.0,0.0
106.03,0.0,0.0,0.0
0.41,128.0,0.0,0.0
111.89,0.0,0.0,0.0
106.72,846.5,0.0,15.0
107.95,8783.5,0.0,15.0
28.45,8462.0,0.0,13.0
117.34,908.0,0.0,15.0
124.09,13007.5,1.0,50.0
266.48,3971.25,1.0,24.0
26.09,5839.5,1.0,22.0
26.22,2383.5,0.0,16.0
137.33,826.5,0.0,15.0
139.78,10959.5,0.0,15.0
147.95,4018.0,0.0,15.0
152.7,824.5,0.0,15.0
124.09,4994.25,0.0,8.0
124.09,5032.25,1.0,6.0
159.66,842.75,0.0,2.0
160.83,847.0,0.0,15.0
164.25,860.75,0.0,15.0
447.52,15060.75,0.0,15.0
390.69,3974.25,1.0,61.0
184.56,1763.5,0.0,15.0
125.72,6015.75,0.0,15.0
100.16,934.25,1.0,62.0
196.98,3994.25,0.0,15.0
87.31,2127.5,1.0,25.0
207.78,2723.75,0.0,15.0
48.83,3970.0,1.0,20.0
124.05,6949.75,0.0,60.0
124.05,6985.25,0.0,54.0
124.05,7029.75,1.0,52.0
220.7,502.5,0.0,15.0
228.19,0.0,0.0,15.0
227.67,529.0,0.0,15.0
231.42,496.0,0.0,15.0
236.17,486.75,0.0,15.0
125.33,7671.75,0.0,15.0
244.34,525.0,0.0,15.0
247.59,540.5,0.0,15.0
404.91,3970.0,0.0,15.0
396.98,706.5,1.0,45.0
266.02,0.0,0.0,0.0
264.08,596.75,0.0,0.0
267.95,515.25,0.0,15.0
269.09,899.5,0.0,11.0
0.0,0.0,0.0
107.92,0.0,0.0,0.0
105.0,371.5,0.0,12.0
110.27,0.0,0.0,0.0
111.44,0.0,0.0,0.0
125.98,3588.25,0.0,13.0
125.22,3700.75,0.0,15.0
127.48,861.0,0.0,15.0
26.73,8271.5,0.0,15.0
138.2,13775.5,0.0,15.0
25.64,10191.5,0.0,17.0
148.78,818.75,0.0,15.0
149.94,14547.0,0.0,15.0
153.55,4025.75,0.0,15.0
26.06,1871.5,0.0,19.0
124.09,5097.25,0.0,7.0
124.09,5135.25,0.0,9.0
165.14,866.75,0.0,15.0
166.31,873.5,0.0,15.0
167.52,888.5,0.0,15.0
169.84,11007.5,0.0,15.0
28.81,4303.5,0.0,21.0
184.45,5760.0,0.0,15.0
185.45,1813.0,0.0,15.0
190.19,2511.5,0.0,15.0
205.61,0.0,0.0,0.0
206.8,3979.0,0.0,15.0
205.19,2738.5,0.0,55.0
84.59,15951.5,0.0,15.0
16.72,1999.5,0.0,15.0
17.25,6336.5,0.0,27.0
228.58,550.0,0.0,15.0
229.67,2837.75,0.0,15.0
233.8,444.0,0.0,15.0
234.97,14009.75,0.0,15.0
12.45,16207.5,0.0,15.0
124.03,8023.75,1.0,57.0
422.98,15567.5,1.0,11.0
143.0,129.5,1.0,30.0
266.78,8493.75,0.0,15.0
1.48,128.0,0.0,0.0
115.05,3983.75,1.0,34.0
273.27,4192.5,0.0,15.0
126.53,5583.5,1.0,34.0
219.69,3983.25,0.0,34.0
284.92,3599.25,0.0,15.0
124.06,9291.75,0.0,15.0
124.06,9330.75,1.0,48.0
124.06,9623.75,1.0,27.0
309.0,9920.0,0.0,0.0
312.3,173.25,0.0,10.0
316.06,0.0,0.0,0.0
320.75,0.0,0.0,0.0
321.94,0.0,0.0,0.0
323.11,0.0,0.0,0.0
57.23,3970.25,1.0,22.0
328.98,0.0,0.0,13.0
326.8,1364.25,0.0,12.0
332.05,538.75,0.0,9.0
338.41,0.0,0.0,7.0
339.59,0.0,0.0,15.0
334.92,656.5,0.0,15.0
335.56,4012.25,0.0,15.0
23.8,3970.0,1.0,42.0
35.33,450.0,1.0,63.0
352.47,0.0,0.0,0.0
351.33,434.0,0.0,15.0
354.88,8128.5,0.0,15.0
1.59,459.25,0.0,15.0
7.56,437.5,0.0,0.0
6.56,591.5,0.0,15.0
12.92,3969.5,1.0,1.0
118.05,14031.5,1.0,3.0
21.23,377.25,0.0,1.0
124.03,10627.5,0.0,47.0
124.03,1099.75,0.0,39.0
125.06,1335.25,0.0,4.0
124.03,355.75,1.0,34.0
53.48,0.0,0.0,0.0
57.02,0.0,0.0,0.0
60.53,14799.5,0.0,0.0
476.23,3969.25,1.0,1.0
72.28,0.0,0.0,0.0
403.45,5384.75,0.0,0.0
13.3,10316.5,1.0,9.0
81.83,452.0,0.0,15.0
88.72,2752.0,0.0,0.0
124.05,10208.25,0.0,42.0
96.38,290.25,0.0,9.0
103.88,0.0,0.0,0.0
106.2,0.0,0.0,0.0
112.06,3971.25,0.0,0.0
338.42,12623.5,1.0,11.0
115.16,916.5,0.0,3.0
121.13,881.5,0.0,15.0
123.44,884.0,0.0,15.0
124.63,877.75,0.0,15.0
246.48,3971.25,1.0,32.0
164.5,3971.25,1.0,14.0
22.52,3971.25,1.0,7.0
10.52,3971.25,1.0,44.0
25.72,79.5,1.0,17.0
143.53,821.0,0.0,15.0
26.78,8911.5,0.0,15.0
175.56,12882.75,1.0,18.0
155.38,840.25,0.0,15.0
64.61,3971.25,1.0,26.0
204.63,3971.25,1.0,47.0
26.95,15055.5,0.0,20.0
166.97,875.0,0.0,15.0
112.66,3971.5,1.0,49.0
175.03,938.25,0.0,15.0
124.67,5693.25,0.0,0.0
56.52,9930.5,1.0,23.0
57.66,0.0,1.0,23.0
190.83,7503.5,0.0,13.0
30.75,1487.5,1.0,24.0
198.67,1789.25,0.0,15.0
85.55,8271.5,0.0,15.0
158.17,9562.5,0.0,15.0
213.97,540.25,0.0,15.0
217.5,2127.5,0.0,15.0
227.44,0.0,0.0,15.0
222.95,600.75,0.0,15.0
225.55,10332.25,0.0,15.0
125.31,7453.75,0.0,15.0
13.61,3151.5,0.0,29.0
192.94,3969.5,1.0,0.0
496.95,3969.25,1.0,23.0
11.63,8079.5,1.0,31.0
264.03,8372.75,0.0,15.0
124.05,405.0,1.0,3.0
271.09,34.25,0.0,0.0
268.2,13903.5,0.0,14.0
274.88,4040.25,0.0,15.0
276.31,4025.25,0.0,15.0
279.84,3963.0,0.0,15.0
281.03,3800.0,0.0,15.0
114.25,4815.5,1.0,35.0
124.06,9281.75,0.0,35.0
124.06,9317.25,1.0,41.0
19.02,9359.5,0.0,36.0
124.06,25.75,1.0,28.0
303.91,0.0,0.0,15.0
307.5,0.0,0.0,15.0
311.95,173.25,0.0,15.0
315.72,0.0,0.0,15.0
320.42,0.0,0.0,0.0
125.64,10517.75,0.0,15.0
333.42,13259.5,0.0,13.0
16.69,3970.5,1.0,41.0
419.3,3971.25,1.0,42.0
339.16,768.75,0.0,15.0
347.03,453.25,0.0,15.0
98.86,3969.75,0.0,8.0
13.39,11487.25,1.0,44.0
4.05,160.75,0.0,30.0
7.36,0.0,0.0,0.0
8.55,3969.5,0.0,0.0
8.92,409.0,0.0,15.0
12.75,719.5,0.0,15.0
11.89,8655.5,0.0,1.0
11.8,6607.5,0.0,2.0
11.36,13519.5,0.0,3.0
43.55,353.75,0.0,15.0
46.98,355.25,0.0,15.0
48.0,163.75,0.0,15.0
59.16,13056.0,0.0,0.0
124.03,1992.75,1.0,7.0
124.03,2022.25,1.0,56.0
65.38,385.0,1.0,1.0
66.41,392.5,0.0,15.0
72.03,0.0,0.0,0.0
73.2,0.0,0.0,0.0
70.17,398.0,0.0,15.0
71.28,404.25,0.0,15.0
12.47,13007.5,0.0,15.0
78.3,3969.0,1.0,58.0
402.3,3969.5,1.0,6.0
81.48,452.25,0.0,15.0
84.73,492.25,0.0,15.0
124.05,2853.25,1.0,59.0
94.77,129.0,0.0,8.0
104.91,13.25,0.0,0.0
0.42,128.0,0.0,0.0
26.42,8271.5,1.0,62.0
112.48,930.0,0.0,13.0
113.8,922.0,0.0,15.0
120.84,885.0,0.0,11.0
122.06,875.25,0.0,15.0
132.09,839.0,1.0,22.0
133.92,4357.0,0.0,15.0
137.42,828.0,0.0,15.0
438.58,3971.0,0.0,15.0
124.38,4735.25,0.0,15.0
432.58,3971.0,1.0,48.0
84.61,5955.25,1.0,52.0
27.08,4943.5,0.0,20.0
167.72,890.25,0.0,15.0
402.67,11267.5,1.0,58.0
51.56,8911.5,1.0,22.0
358.17,13782.75,0.0,22.0
187.98,1943.0,0.0,15.0
189.23,1790.0,0.0,15.0
190.41,15344.75,0.0,15.0
108.16,6181.75,0.0,61.0
304.75,920.5,1.0,15.0
197.05,8399.5,0.0,15.0
200.69,2823.25,0.0,15.0
201.86,3978.75,0.0,15.0
463.42,7193.75,0.0,15.0
214.66,534.25,0.0,15.0
215.97,533.25,0.0,15.0
219.41,7126.25,0.0,15.0
227.48,554.25,0.0,15.0
232.33,519.0,0.0,15.0
11.64,9935.5,1.0,31.0
364.98,3969.25,1.0,31.0
394.98,3969.25,1.0,31.0
499.0,8510.75,1.0,5.0
267.13,8911.5,0.0,0.0
264.25,8774.25,0.0,15.0
267.75,4010.75,0.0,15.0
271.28,4076.75,0.0,15.0
272.44,4176.25,0.0,15.0
273.61,4212.25,0.0,15.0
274.73,4178.0,0.0,15.0
275.92,4081.5,0.0,15.0
277.09,3934.25,0.0,15.0
124.47,8942.75,0.0,15.0
205.09,3982.25,1.0,5.0
124.06,9266.25,1.0,6.0
124.06,9385.75,0.0,44.0
124.06,9419.25,1.0,30.0
303.55,0.0,0.0,15.0
1.19,3968.0,0.0,15.0
312.05,171.5,0.0,15.0
316.48,10240.75,0.0,0.0
319.19,10559.5,0.0,15.0
125.44,10478.75,0.0,15.0
196.06,2178.0,1.0,3.0
24.41,14287.5,1.0,42.0
344.25,513.0,0.0,15.0
124.05,11175.25,0.0,12.0
352.53,4017.0,0.0,15.0
0.91,147.0,0.0,15.0
6.13,434.25,0.0,15.0
9.55,416.75,0.0,15.0
124.38,571.75,0.0,15.0
19.3,381.75,0.0,15.0
448.72,3969.25,0.0,15.0
26.44,366.25,0.0,15.0
318.11,3969.25,1.0,46.0
298.13,3969.25,1.0,22.0
39.08,353.75,0.0,4.0
39.67,353.5,0.0,15.0
274.17,3969.25,1.0,21.0
53.95,0.0,0.0,0.0
383.13,7.0,0.0,0.0
61.55,375.0,0.0,15.0
10.66,975.5,0.0,15.0
12.09,2235.25,1.0,8.0
77.72,427.75,0.0,15.0
78.63,438.5,0.0,15.0
255.86,1546.0,0.0,14.0
69.88,2688.25,0.0,15.0
124.05,2798.75,1.0,44.0
124.05,2842.25,1.0,55.0
89.8,3980.75,0.0,15.0
212.34,3074.0,1.0,30.0
0.0,3392.5,0.0,8.0
105.58,0.0,0.0,0.0
106.75,0.0,0.0,0.0
107.92,0.0,0.0,0.0
104.88,371.5,0.0,9.0
124.09,3513.75,0.0,0.0
113.3,924.25,1.0,3.0
118.03,3890.0,0.0,15.0
124.09,4193.75,0.0,17.0
18.52,4355.25,1.0,17.0
122.16,13969.5,0.0,15.0
143.98,821.0,0.0,15.0
394.56,3971.0,0.0,15.0
26.17,7119.5,1.0,19.0
186.63,3971.25,1.0,21.0
26.89,8527.5,1.0,20.0
27.05,1615.5,0.0,20.0
174.69,0.0,0.0,0.0
127.69,3971.5,0.0,15.0
0.7,11072.0,1.0,33.0
51.97,14543.5,0.0,22.0
52.09,7759.5,0.0,22.0
184.08,1728.0,0.0,15.0
185.25,1815.0,0.0,15.0
186.41,1907.0,0.0,13.0
187.52,1943.0,0.0,15.0
188.72,5327.5,0.0,15.0
28.78,14031.5,0.0,24.0
124.22,6521.75,0.0,15.0
205.02,6600.25,0.0,15.0
208.53,2707.25,0.0,15.0
214.22,538.25,0.0,15.0
218.84,538.5,0.0,15.0
227.78,0.0,0.0,15.0
227.14,7384.25,0.0,15.0
236.17,7673.25,0.0,15.0
124.03,8101.75,0.0,55.0
265.52,0.0,1.0,59.0
266.7,6848.0,0.0,9.0
1.05,14656.5,1.0,8.0
269.7,3963.0,0.0,15.0
270.88,4050.75,0.0,15.0
274.34,4142.75,0.0,15.0
275.53,4058.5,0.0,15.0
276.7,4017.75,0.0,15.0
277.91,3927.0,0.0,15.0
279.06,3945.75,0.0,15.0
280.27,3942.75,0.0,15.0
281.45,3768.25,0.0,15.0
282.61,3760.5,0.0,15.0
283.83,79.5,0.0,15.0
124.06,13288.75,0.0,51.0
302.02,0.0,0.0,15.0
4.8,9930.75,0.0,15.0
315.06,10195.25,0.0,0.0
4.05,10606.25,0.0,9.0
331.02,10874.25,0.0,10.0
338.45,10972.75,0.0,15.0
344.06,514.5,0.0,15.0
345.83,2027.25,0.0,15.0
352.7,0.0,0.0,0.0
356.17,0.0,0.0,0.0
352.7,11365.75,0.0,15.0
0.0,3968.0,1.0,3.0
4.41,0.0,0.0,0.0
499.58,0.75,0.0,0.0
4.47,442.25,0.0,15.0
124.28,270.25,0.0,0.0
11.31,406.25,0.0,15.0
125.06,531.25,0.0,15.0
20.44,379.25,0.0,15.0
124.03,767.25,0.0,15.0
124.03,953.25,0.0,42.0
124.03,359.75,1.0,41.0
32.45,359.0,0.0,15.0
34.66,357.25,0.0,15.0
270.14,3969.25,1.0,16.0
124.03,8773.5,0.0,33.0
276.17,129.25,1.0,25.0
58.52,1920.0,0.0,0.0
10.2,13391.5,0.0,15.0
458.23,9409.25,1.0,22.0
124.03,3968.0,1.0,63.0
72.89,411.0,0.0,15.0
80.98,452.5,0.0,15.0
85.2,491.75,0.0,15.0
88.55,513.25,0.0,15.0
89.86,524.25,0.0,15.0
9.59,16192.5,0.0,9.0
103.13,3375.75,0.0,0.0
4.66,3525.75,0.0,0.0
111.34,13903.5,0.0,0.0
108.47,893.5,0.0,15.0
109.75,10061.75,0.0,11.0
124.09,3926.25,0.0,45.0
124.09,3961.25,1.0,60.0
26.09,7119.5,0.0,30.0
134.55,834.25,0.0,15.0
139.69,825.0,0.0,15.0
139.25,825.0,0.0,15.0
142.75,819.5,0.0,15.0
147.48,817.0,0.0,15.0
148.53,818.5,0.0,15.0
149.75,821.75,0.0,15.0
151.0,823.5,0.0,15.0
152.08,4024.75,0.0,15.0
50.59,3971.25,1.0,52.0
124.09,5056.75,1.0,3.0
159.09,841.0,0.0,4.0
160.25,845.0,0.0,15.0
28.2,15311.5,0.0,15.0
346.67,131.5,1.0,46.0
186.36,1828.25,0.0,6.0
191.16,10331.25,0.0,15.0
30.03,15.5,1.0,24.0
198.95,2867.25,0.0,15.0
202.52,2793.5,0.0,15.0
85.16,6607.5,0.0,15.0
17.13,591.5,0.0,26.0
215.3,5467.0,0.0,15.0
217.61,3989.25,0.0,15.0
0.88,3968.0,1.0,11.0
223.11,3028.75,0.0,15.0
124.06,7222.75,1.0,20.0
229.44,535.25,0.0,15.0
232.83,513.5,0.0,15.0
386.92,7006.25,1.0,2.0
414.97,3969.25,1.0,16.0
262.92,0.0,1.0,49.0
1.03,128.0,0.0,10.0
1.03,3968.0,1.0,52.0
263.59,3528.25,0.0,15.0
116.73,2255.5,0.0,15.0
159.05,592.0,1.0,57.0
276.41,4013.25,0.0,15.0
279.94,3945.75,0.0,15.0
281.13,3782.75,0.0,15.0
282.3,3796.0,0.0,15.0
283.5,3641.5,0.0,15.0
284.67,3587.25,0.0,15.0
287.67,628.75,0.0,15.0
19.13,13391.5,1.0,1.0
296.92,693.25,0.0,15.0
301.31,9955.25,0.0,15.0
312.05,0.0,0.0,15.0
315.8,10944.0,0.0,0.0
324.03,10432.0,0.0,0.0
4.75,10631.25,0.0,15.0
331.84,10715.75,0.0,8.0
339.23,763.5,0.0,15.0
37.33,3970.0,1.0,56.0
348.77,3974.5,0.0,10.0
125.8,11398.25,1.0,15.0
5.19,0.0,0.0,0.0
1.59,5963.5,0.0,15.0
5.38,3969.5,0.0,15.0
234.03,4865.5,1.0,15.0
20.95,377.5,0.0,15.0
22.59,374.25,0.0,15.0
124.03,875.25,1.0,47.0
124.03,992.75,0.0,41.0
4.03,8964.5,1.0,39.0
268.03,3969.25,1.0,34.0
124.03,1364.75,1.0,33.0
124.03,1544.75,0.0,34.0
56.92,0.0,0.0,0.0
58.09,1934.25,0.0,0.0
11.67,1487.5,0.0,7.0
124.03,2104.25,1.0,62.0
73.44,3968.0,0.0,0.0
74.72,419.25,0.0,15.0
337.95,2945.5,0.0,15.0
90.3,3969.0,1.0,44.0
1.2,128.0,0.0,0.0
84.73,491.75,0.0,15.0
87.25,501.0,0.0,15.0
88.3,510.0,0.0,15.0
16.69,12492.5,1.0,11.0
97.45,285.25,0.0,15.0
101.67,0.0,0.0,0.0
102.86,320.5,0.0,0.0
108.73,2240.5,0.0,0.0
107.17,844.0,0.0,15.0
4.2,3700.25,0.0,15.0
110.48,7017.5,0.0,15.0
124.09,3877.75,1.0,51.0
124.66,875.0,1.0,48.0
125.86,868.75,0.0,15.0
124.09,4141.75,1.0,26.0
124.09,4370.75,1.0,30.0
137.69,4028.0,0.0,15.0
25.72,10703.5,0.0,17.0
144.81,3971.0,0.0,15.0
456.58,3971.0,0.0,15.0
154.17,831.5,0.0,15.0
156.5,832.75,0.0,15.0
124.09,871.75,0.0,13.0
164.64,95.75,0.0,15.0
0.67,3968.0,1.0,50.0
172.81,916.0,0.0,15.0
1.91,3968.0,0.0,15.0
52.02,12111.5,0.0,22.0
184.98,1777.5,0.0,15.0
186.13,1935.5,0.0,15.0
196.72,0.0,0.0,0.0
116.94,6198.75,0.0,15.0
386.13,7384.5,0.0,36.0
201.11,3982.0,0.0,15.0
86.25,15183.5,0.0,25.0
225.34,3970.0,0.0,15.0
124.83,6993.25,1.0,33.0
219.83,30.75,0.0,15.0
222.94,599.0,0.0,15.0
17.42,3970.0,1.0,28.0
235.56,7657.25,0.0,15.0
482.95,3969.25,0.0,30.0
253.2,365.75,0.0,15.0
253.94,13294.75,0.0,15.0
266.36,7841.0,0.0,15.0
273.42,0.0,0.0,0.0
267.0,8618.75,0.0,15.0
274.03,4153.75,0.0,15.0
275.13,4035.75,0.0,15.0
276.3,4028.25,0.0,15.0
124.47,8917.75,1.0,10.0
282.19,3798.75,0.0,15.0
124.06,9283.75,1.0,48.0
124.06,2918.75,1.0,41.0
301.58,0.0,1.0,2.0
306.31,0.0,0.0,0.0
307.48,0.0,0.0,15.0
308.66,0.0,0.0,0.0
69.02,10065.75,0.0,0.0
319.25,0.0,0.0,0.0
1.25,128.0,1.0,25.0
327.5,0.0,0.0,15.0
328.67,41.25,0.0,15.0
100.14,10579.75,0.0,0.0
331.7,535.5,0.0,11.0
124.16,10858.75,0.0,10.0
26.77,5199.5,0.0,15.0
22.98,3970.0,0.0,42.0
348.7,449.75,0.0,10.0
354.53,0.0,0.0,0.0
355.98,424.0,1.0,0.0
357.16,7660.75,0.0,15.0
1.13,128.0,0.0,0.0
7.78,425.25,0.0,15.0
199.16,3969.5,0.0,15.0
16.13,391.5,0.0,1.0
17.77,3969.25,0.0,15.0
210.08,12675.0,1.0,8.0
348.09,3969.25,1.0,3.0
124.03,328.25,0.0,39.0
36.48,1315.0,0.0,15.0
124.03,1330.25,0.0,33.0
11.05,5711.5,1.0,5.0
47.06,354.5,0.0,5.0
4.61,1785.75,0.0,15.0
0.22,1856.0,1.0,42.0
412.22,3969.25,1.0,59.0
63.52,379.0,0.0,15.0
84.55,129.5,0.0,15.0
73.38,0.0,0.0,0.0
71.22,405.0,0.0,15.0
79.08,442.75,0.0,15.0
82.69,458.25,0.0,0.0
86.16,489.75,0.0,0.0
90.55,532.5,0.0,15.0
9.61,3401.5,0.0,15.0
103.42,0.0,0.0,13.0
103.91,0.0,0.0,0.0
107.44,7872.5,0.0,0.0
112.13,2560.0,0.0,0.0
298.42,3971.5,1.0,49.0
115.05,916.25,0.0,15.0
27.22,10831.5,1.0,15.0
309.64,3971.25,1.0,15.0
26.48,3151.5,1.0,29.0
133.97,836.75,0.0,15.0
137.52,9596.0,0.0,15.0
142.3,14708.5,0.0,15.0
145.72,831.0,0.0,15.0
147.06,4779.75,0.0,15.0
150.56,822.5,0.0,15.0
154.08,831.75,0.0,15.0
155.16,840.5,0.0,15.0
124.09,591.5,0.0,3.0
26.64,5300.25,1.0,20.0
124.09,5335.25,1.0,38.0
124.09,3968.0,1.0,46.0
10.66,14275.5,1.0,6.0
310.67,14159.5,1.0,28.0
124.19,1668.5,1.0,51.0
182.31,14799.5,0.0,15.0
494.95,3974.75,0.0,15.0
322.73,5071.5,1.0,15.0
198.34,2836.0,0.0,11.0
201.86,12111.5,0.0,15.0
217.52,16320.0,0.0,0.0
220.38,547.25,0.0,15.0
227.02,9371.75,0.0,0.0
5.0,0.0,0.0,0.0
5.89,1799.75,0.0,0.0
1.41,14400.5,0.0,0.0
63.28,0.0,0.0,0.0
66.86,0.0,0.0,0.0
68.03,0.0,0.0,0.0
70.38,0.0,0.0,0.0
72.73,0.0,0.0,0.0
76.27,0.0,0.0,0.0
78.75,2566.0,0.0,15.0
84.08,492.25,0.0,15.0
85.45,491.0,0.0,15.0
88.69,514.0,0.0,15.0
91.91,538.75,0.0,15.0
97.39,0.0,0.0,15.0
0.39,128.0,1.0,40.0
106.77,3328.0,0.0,0.0
107.44,857.75,0.0,15.0
108.61,9983.0,0.0,15.0
316.42,3971.5,1.0,27.0
176.44,3971.5,1.0,16.0
124.09,10773.25,0.0,47.0
190.48,3971.25,1.0,7.0
114.78,3971.25,1.0,16.0
26.17,3983.5,0.0,16.0
138.11,825.75,0.0,15.0
139.28,13841.5,0.0,15.0
125.73,4644.75,0.0,15.0
24.3,15695.5,0.0,15.0
367.56,14675.0,0.0,18.0
154.56,837.75,0.0,15.0
124.09,5160.75,0.0,5.0
26.72,15823.5,1.0,20.0
322.64,3971.25,1.0,7.0
170.84,901.5,0.0,15.0
178.34,1642.5,0.0,15.0
186.47,1912.75,0.0,13.0
198.39,3968.0,0.0,0.0
420.75,3971.5,1.0,46.0
199.11,2871.75,0.0,15.0
124.28,6483.25,0.0,15.0
124.33,11000.75,1.0,45.0
210.83,2655.25,0.0,15.0
211.97,2676.0,0.0,15.0
189.16,3978.25,0.0,15.0
4.31,7172.25,0.0,44.0
220.69,659.0,0.0,15.0
425.75,3970.0,0.0,15.0
231.14,483.0,0.0,15.0
124.05,7510.25,0.0,15.0
328.92,3969.75,0.0,31.0
242.77,503.25,0.0,15.0
243.77,531.25,0.0,15.0
16.61,8911.5,0.0,15.0
184.97,3970.25,0.0,55.0
83.95,33.0,0.0,0.0
265.5,430.25,0.0,0.0
264.17,8722.75,0.0,15.0
273.77,0.0,0.0,0.0
125.34,3983.0,0.0,15.0
124.5,3983.5,0.0,24.0
281.34,3785.5,1.0,15.0
287.97,12623.5,0.0,15.0
301.89,0.0,0.0,0.0
303.06,0.0,0.0,0.0
305.42,128.0,0.0,0.0
313.7,10112.0,0.0,0.0
5.25,10264.75,0.0,0.0
321.95,0.0,0.0,0.0
325.48,0.0,0.0,0.0
329.02,0.0,0.0,0.0
330.28,128.0,0.0,0.0
335.0,0.0,0.0,0.0
337.36,0.0,0.0,0.0
340.91,0.0,0.0,0.0
345.63,0.0,0.0,0.0
0.81,128.0,0.0,0.0
352.72,0.0,0.0,0.0
15.91,1728.5,0.0,0.0
359.73,0.0,0.0,0.0
3.28,6720.5,0.0,0.0
7.98,0.0,0.0,0.0
10.34,0.0,0.0,0.0
13.88,0.0,0.0,0.0
17.41,0.0,0.0,0.0
18.52,0.0,0.0,0.0
20.86,2.75,0.0,0.0
24.39,0.0,0.0,0.0
0.09,128.0,0.0,0.0
31.44,0.0,0.0,0.0
0.61,128.0,0.0,0.0
38.48,0.0,0.0,0.0
40.83,0.0,0.0,0.0
47.89,0.0,0.0,0.0
5.41,1720.75,0.0,0.0
60.81,0.0,0.0,0.0
64.33,0.0,0.0,0.0
66.75,0.0,0.0,0.0
70.27,0.0,0.0,0.0
71.45,0.0,0.0,0.0
77.34,0.0,0.0,0.0
78.52,0.0,0.0,0.0
0.3,128.0,0.0,0.0
84.41,0.0,0.0,0.0
85.58,0.0,0.0,0.0
86.75,0.0,0.0,0.0
87.94,2368.5,0.0,0.0
93.81,3072.0,0.0,0.0
76.33,3110.25,0.0,13.0
98.67,287.25,0.0,10.0
102.05,10048.5,0.0,0.0
106.75,365.25,0.0,0.0
110.28,0.0,0.0,0.0
111.47,0.0,0.0,0.0
113.22,3996.25,0.0,15.0
28.38,335.5,0.0,14.0
120.38,882.0,0.0,50.0
121.47,3971.25,0.0,15.0
27.3,3983.5,0.0,15.0
124.09,4304.75,1.0,6.0
136.89,828.75,0.0,15.0
140.48,13303.75,0.0,15.0
144.03,820.75,0.0,15.0
145.08,828.5,0.0,15.0
146.36,12921.0,0.0,15.0
25.48,5967.5,1.0,18.0
152.2,13903.5,0.0,15.0
163.92,859.5,0.0,15.0
165.09,865.25,0.0,15.0
166.23,5352.75,0.0,15.0
4.09,5592.25,0.0,52.0
126.66,940.0,1.0,63.0
183.11,3968.0,0.0,0.0
51.34,5718.75,1.0,22.0
188.72,3975.5,1.0,51.0
192.66,1266.5,0.0,15.0
197.83,928.5,0.0,15.0
205.39,0.0,0.0,0.0
200.23,15082.75,0.0,15.0
208.55,3990.5,0.0,15.0
83.77,10063.5,0.0,26.0
194.88,3970.0,0.0,0.0
62.88,3970.0,1.0,43.0
286.89,3969.75,1.0,30.0
235.67,481.5,0.0,15.0
124.78,7652.25,0.0,15.0
242.8,500.0,0.0,15.0
353.75,3970.0,0.0,15.0
430.95,3970.0,1.0,33.0
166.97,3970.25,1.0,18.0
92.08,8204.25,1.0,39.0
263.14,2624.0,0.0,0.0
264.28,4732.5,0.0,15.0
273.75,3840.0,0.0,0.0
269.64,9721.75,0.0,15.0
124.5,8779.75,1.0,29.0
285.42,9216.0,0.0,0.0
4.11,9396.25,0.0,0.0
0.8,128.0,0.0,0.0
303.02,0.0,0.0,0.0
304.19,0.0,0.0,0.0
306.64,0.0,0.0,0.0
5.83,9925.75,0.0,0.0
311.36,39.0,0.0,0.0
4.89,10189.75,0.0,0.0
323.14,128.0,0.0,0.0
5.84,10567.75,0.0,0.0
5.39,10680.75,0.0,0.0
334.94,0.0,0.0,0.0
4.11,10793.75,0.0,0.0
340.83,0.0,0.0,0.0
344.38,128.0,0.0,0.0
1.34,128.0,1.0,61.0
351.44,0.0,0.0,0.0
354.98,0.0,0.0,0.0
356.16,0.0,0.0,0.0
1.39,128.0,0.0,0.0
1.39,128.0,1.0,54.0
3.23,0.0,0.0,0.0
5.95,330.25,0.0,0.0
13.84,0.0,0.0,0.0
5.02,556.25,0.0,0.0
20.86,0.0,0.0,0.0
25.56,893.25,0.0,0.0
31.44,0.0,0.0,0.0
38.48,0.0,0.0,0.0
42.08,0.0,0.0,0.0
45.61,0.0,0.0,0.0
46.78,0.0,0.0,0.0
49.14,0.0,0.0,0.0
266.67,6.75,0.0,0.0
56.2,4672.5,0.0,0.0
59.73,128.0,0.0,0.0
1.28,13504.5,0.0,0.0
66.77,0.0,0.0,0.0
69.13,2287.25,0.0,0.0
72.66,8256.5,0.0,0.0
78.53,0.0,0.0,0.0
82.06,0.0,0.0,0.0
85.58,128.0,0.0,0.0
0.23,4800.5,0.0,0.0
93.75,832.5,0.0,0.0
94.73,2177.0,0.0,10.0
170.31,13.25,0.0,0.0
107.83,0.0,0.0,0.0
110.17,0.0,0.0,0.0
111.36,3968.0,0.0,0.0
108.58,3971.25,0.0,15.0
314.42,3971.5,1.0,25.0
114.38,916.75,0.0,15.0
115.61,16207.5,0.0,15.0
27.58,9167.5,0.0,14.0
124.09,3924.75,1.0,46.0
132.13,846.25,1.0,57.0
136.94,828.75,0.0,15.0
138.02,4494.75,0.0,15.0
148.28,817.75,0.0,15.0
125.8,4907.25,0.0,15.0
124.09,5169.75,1.0,5.0
186.63,3971.25,1.0,20.0
218.63,3971.25,1.0,60.0
324.64,131.25,1.0,5.0
184.28,0.0,0.0,15.0
172.7,3974.5,1.0,28.0
186.36,135.25,0.0,15.0
195.28,952.0,0.0,15.0
198.94,2869.5,0.0,15.0
200.11,2835.25,0.0,15.0
201.3,2814.25,0.0,15.0
202.55,2792.25,0.0,15.0
203.75,2771.75,0.0,15.0
204.92,2761.0,0.0,15.0
206.09,2732.75,0.0,15.0
207.27,2741.25,0.0,15.0
214.44,3978.5,0.0,15.0
224.81,3978.25,1.0,26.0
198.83,128.0,1.0,48.0
228.33,7362.25,0.0,15.0
125.25,7576.75,0.0,15.0
302.05,3969.75,1.0,32.0
16.95,527.5,0.0,30.0
249.14,8259.75,0.0,15.0
259.45,0.0,0.0,15.0
4.16,8415.25,0.0,10.0
264.14,0.0,0.0,0.0
265.33,0.0,0.0,0.0
15.61,10447.5,0.0,32.0
264.02,442.5,0.0,15.0
346.39,3982.5,0.0,0.0
335.05,143.75,1.0,58.0
4.05,9202.25,0.0,0.0
274.72,36.25,0.0,0.0
1.14,128.0,0.0,0.0
1.14,37.25,1.0,56.0
415.27,37.5,0.0,0.0
306.39,0.0,0.0,0.0
495.56,38.5,0.0,0.0
311.09,0.0,0.0,0.0
0.27,5184.5,0.0,0.0
319.33,0.0,0.0,0.0
321.67,0.0,0.0,0.0
322.86,10406.75,0.0,0.0
190.38,41.0,0.0,0.0
335.86,0.0,0.0,0.0
337.03,128.0,0.0,0.0
1.33,128.0,1.0,30.0
346.47,0.0,0.0,0.0
1.36,128.0,1.0,0.0
1.36,128.0,1.0,38.0
353.55,0.0,0.0,0.0
356.95,0.0,0.0,0.0
1.64,0.0,0.0,0.0
5.16,0.0,0.0,0.0
6.33,0.0,0.0,0.0
8.69,128.0,0.0,0.0
13.38,14144.5,0.0,0.0
0.06,0.0,1.0,40.0
22.77,0.0,0.0,0.0
26.28,0.0,0.0,0.0
27.45,128.0,0.0,0.0
33.33,0.0,0.0,0.0
0.84,9792.5,0.0,0.0
42.77,0.0,0.0,0.0
46.3,0.0,0.0,0.0
49.83,0.0,0.0,0.0
51.0,1664.0,0.0,0.0
439.36,6.75,0.0,0.0
62.77,0.0,0.0,0.0
63.94,0.0,0.0,0.0
66.33,0.0,0.0,0.0
67.5,128.0,0.0,0.0
71.03,0.0,0.0,0.0
73.39,0.0,0.0,0.0
450.56,9.25,0.0,0.0
4.92,2537.25,0.0,0.0
0.31,128.0,1.0,26.0
86.34,0.0,1.0,10.0
87.52,0.0,0.0,0.0
88.7,15424.5,0.0,0.0
93.31,0.0,0.0,0.0
0.83,128.0,0.0,0.0
183.53,12.75,0.0,0.0
5.88,3399.25,0.0,0.0
105.77,384.75,0.0,15.0
26.31,975.5,1.0,13.0
110.39,938.25,0.0,15.0
117.5,3976.0,0.0,15.0
125.17,3987.75,1.0,15.0
124.09,4021.75,0.0,44.0
124.09,4138.25,0.0,26.0
131.63,853.5,0.0,15.0
124.09,4427.75,1.0,1.0
140.0,822.25,0.0,15.0
143.48,8271.5,0.0,15.0
148.11,817.5,0.0,15.0
421.3,3971.0,0.0,15.0
454.58,3971.0,1.0,53.0
155.13,840.5,0.0,57.0
124.09,5153.25,0.0,12.0
26.75,4047.5,1.0,20.0
167.98,894.75,0.0,15.0
175.34,12096.0,0.0,0.0
176.0,964.25,0.0,9.0
178.91,1642.75,0.0,15.0
180.06,1725.25,0.0,15.0
183.55,5952.5,0.0,15.0
124.19,6142.25,0.0,15.0
197.13,924.25,0.0,15.0
292.78,3978.75,0.0,15.0
236.8,9882.25,1.0,60.0
208.84,2186.25,0.0,26.0
226.59,531.75,0.0,15.0
231.5,4002.25,0.0,15.0
238.91,3969.75,1.0,40.0
124.05,7661.75,1.0,31.0
239.78,484.75,0.0,15.0
240.88,9167.5,0.0,15.0
244.33,557.0,0.0,15.0
247.58,566.5,0.0,15.0
248.61,576.0,0.0,15.0
250.98,600.5,0.0,15.0
257.72,0.0,0.0,15.0
258.89,3202.75,0.0,15.0
198.42,33.0,0.0,0.0
0.66,128.0,0.0,0.0
277.7,0.0,0.0,0.0
282.38,0.0,0.0,0.0
0.59,960.5,0.0,0.0
301.16,0.0,0.0,0.0
307.06,128.0,0.0,0.0
310.59,0.0,0.0,0.0
5.77,10014.25,0.0,0.0
314.11,0.0,0.0,0.0
316.47,0.0,0.0,0.0
320.0,0.0,0.0,0.0
321.17,0.0,0.0,0.0
322.34,0.0,0.0,0.0
323.52,0.0,0.0,0.0
324.69,0.0,0.0,0.0
327.05,0.0,0.0,0.0
328.22,0.0,0.0,0.0
330.56,0.0,0.0,0.0
331.75,128.0,0.0,0.0
1.3,13376.5,1.0,3.0
4.78,10916.75,0.0,0.0
344.67,0.0,0.0,0.0
348.19,0.0,0.0,0.0
351.72,0.0,0.0,0.0
355.23,44.5,0.0,0.0
0.75,0.0,1.0,0.0
2.27,148.25,0.0,0.0
8.14,0.0,0.0,0.0
0.36,128.0,0.0,0.0
24.63,128.0,0.0,0.0
0.09,128.0,1.0,31.0
30.5,0.0,0.0,0.0
34.03,128.0,0.0,0.0
0.14,128.0,1.0,61.0
44.63,128.0,0.0,0.0
48.16,0.0,0.0,0.0
49.33,0.0,0.0,0.0
50.52,0.0,0.0,0.0
51.69,0.0,0.0,0.0
52.86,128.0,0.0,0.0
0.2,128.0,1.0,1.0
61.09,0.0,0.0,0.0
64.63,0.0,0.0,0.0
1.8,1344.5,0.0,0.0
69.33,128.0,0.0,0.0
0.27,128.0,1.0,54.0
75.22,2336.25,0.0,0.0
81.09,0.0,0.0,0.0
84.63,128.0,0.0,0.0
91.66,0.0,0.0,0.0
92.83,0.0,0.0,0.0
95.19,0.0,0.0,0.0
102.23,0.0,0.0,0.0
109.75,0.0,0.0,0.0
105.36,380.25,0.0,14.0
112.81,0.0,0.0,0.0
109.73,900.25,0.0,15.0
109.91,931.25,0.0,15.0
113.47,923.5,0.0,15.0
114.58,3705.75,0.0,15.0
360.45,3971.25,1.0,46.0
27.63,847.5,1.0,15.0
124.09,4048.75,1.0,42.0
137.19,827.75,0.0,15.0
25.81,11727.5,0.0,15.0
153.56,826.25,0.0,15.0
154.83,531.5,0.0,15.0
124.09,846.0,1.0,6.0
161.63,850.5,0.0,15.0
298.81,8788.5,0.0,15.0
328.64,3971.25,1.0,9.0
124.09,5394.25,1.0,55.0
124.09,5469.25,0.0,63.0
173.2,922.5,0.0,3.0
174.44,931.0,0.0,15.0
0.75,0.0,15.0
343.7,467.25,0.0,15.0
345.06,463.5,0.0,15.0
349.97,429.25,0.0,15.0
114.05,143.25,0.0,36.0
5.09,410.25,0.0,15.0
8.98,3980.5,0.0,15.0
12.03,376.75,0.0,1.0
17.19,374.0,0.0,15.0
124.03,711.25,0.0,47.0
32.92,356.5,1.0,5.0
288.17,3969.25,0.0,15.0
11.14,6991.5,0.0,4.0
124.03,1315.75,0.0,37.0
0.19,1600.0,1.0,56.0
124.03,1677.75,0.0,54.0
24.22,3969.5,1.0,3.0
54.22,3969.5,1.0,44.0
66.31,0.0,0.0,7.0
63.88,3969.5,0.0,15.0
70.39,431.75,0.0,1.0
71.56,444.25,0.0,15.0
72.7,3453.75,0.0,15.0
75.08,2507.25,0.0,15.0
124.05,2541.75,0.0,52.0
124.05,2577.75,0.0,52.0
81.77,521.75,0.0,15.0
82.86,533.75,0.0,15.0
88.78,298.5,0.0,8.0
94.91,3392.5,0.0,0.0
99.56,0.0,0.0,0.0
100.73,15822.5,0.0,0.0
26.41,1231.5,1.0,12.0
103.59,937.75,0.0,15.0
438.44,3971.25,0.0,54.0
27.05,1103.5,1.0,49.0
123.72,853.75,0.0,15.0
124.83,4071.75,0.0,15.0
130.77,829.0,1.0,12.0
131.83,4027.0,0.0,15.0
448.52,3.0,1.0,6.0
153.27,0.0,0.0,0.0
154.44,0.0,0.0,0.0
161.94,0.0,0.0,0.0
161.44,7104.5,0.0,0.0
169.5,0.0,0.0,0.0
177.64,22.25,0.0,0.0
181.13,0.0,0.0,0.0
182.3,0.0,0.0,0.0
183.45,0.0,0.0,0.0
184.61,0.0,0.0,0.0
185.78,5982.25,0.0,0.0
188.09,0.0,0.0,0.0
85.25,6119.75,0.0,0.0
195.06,0.0,0.0,0.0
196.23,0.0,0.0,0.0
198.56,0.0,0.0,0.0
199.72,0.0,0.0,0.0
202.05,6528.0,0.0,14.0
203.53,459.0,0.0,15.0
210.13,0.0,0.0,15.0
294.58,1754.0,0.0,0.0
124.06,6853.25,1.0,41.0
17.34,13647.5,1.0,2.0
221.45,523.5,0.0,15.0
222.5,3970.0,0.0,15.0
228.17,537.5,0.0,15.0
231.73,29.75,0.0,15.0
240.58,0.0,0.0,0.0
244.08,0.0,0.0,0.0
242.56,439.25,0.0,14.0
0.0,128.0,0.0,15.0
248.19,3294.0,0.0,15.0
111.34,3981.5,0.0,15.0
256.31,3731.75,0.0,15.0
259.47,4026.75,0.0,15.0
124.94,8461.75,0.0,15.0
5.03,3983.0,0.0,15.0
272.63,3624.5,0.0,15.0
124.06,9011.75,0.0,31.0
285.02,591.5,0.0,15.0
294.09,0.0,0.0,15.0
1.25,128.0,0.0,13.0
302.23,0.0,1.0,37.0
303.64,170.75,0.0,13.0
1.19,9920.0,1.0,30.0
125.59,9910.25,0.0,0.0
316.27,0.0,0.0,15.0
313.2,566.25,0.0,15.0
314.34,16204.5,0.0,15.0
16.41,8522.5,0.0,39.0
125.89,10405.25,0.0,0.0
329.0,729.25,0.0,15.0
333.83,456.0,0.0,15.0
337.64,423.5,0.0,15.0
346.52,3969.5,0.0,0.0
14.25,15055.5,0.0,43.0
13.48,11215.5,1.0,15.0
169.14,3969.5,0.0,44.0
124.0,184.75,1.0,0.0
454.03,3969.25,1.0,23.0
398.05,513.25,1.0,8.0
124.03,720.75,1.0,26.0
304.09,3969.25,1.0,32.0
302.11,10052.0,1.0,62.0
42.63,0.0,0.0,0.0
47.3,0.0,0.0,0.0
48.47,0.0,0.0,0.0
45.53,4303.5,0.0,15.0
124.03,1601.25,1.0,55.0
55.67,408.5,0.0,15.0
11.31,4487.25,0.0,0.0
372.23,2177.5,1.0,22.0
69.91,463.25,0.0,0.0
155.41,9.5,0.0,15.0
16.16,591.5,0.0,15.0
83.19,301.0,0.0,7.0
84.44,291.0,0.0,15.0
88.3,0.0,0.0,0.0
89.47,128.0,0.0,0.0
94.05,0.0,0.0,0.0
95.22,3072.0,0.0,0.0
97.55,0.0,0.0,0.0
98.72,0.0,0.0,0.0
96.64,942.75,0.0,15.0
98.16,3971.5,0.0,15.0
124.09,3368.75,0.0,3.0
108.66,896.0,0.0,15.0
124.45,3925.75,1.0,39.0
124.09,15742.75,0.0,1.0
126.3,14736.0,0.0,15.0
129.69,830.0,0.0,15.0
133.36,5583.5,0.0,15.0
145.36,18.25,0.0,0.0
147.69,9792.5,0.0,0.0
152.36,0.0,0.0,0.0
153.52,0.0,0.0,0.0
154.69,0.0,0.0,0.0
155.84,0.0,0.0,0.0
5.02,5099.75,0.0,0.0
0.63,128.0,1.0,62.0
168.58,576.5,0.0,0.0
173.23,0.0,0.0,0.0
174.39,12736.5,0.0,0.0
0.69,128.0,0.0,0.0
186.08,0.0,0.0,0.0
193.06,0.0,0.0,0.0
196.56,0.0,0.0,0.0
197.72,448.0,0.0,0.0
196.64,452.75,0.0,15.0
204.7,0.0,0.0,0.0
124.2,6586.75,0.0,0.0
207.27,15311.5,0.0,15.0
210.83,553.75,0.0,15.0
212.25,3970.0,0.0,15.0
16.66,5455.5,0.0,26.0
217.06,2826.0,0.0,15.0
220.53,16079.5,0.0,15.0
224.92,7274.75,0.0,15.0
233.78,1600.0,0.0,0.0
237.36,0.0,0.0,0.0
236.11,433.0,0.0,15.0
245.53,0.0,0.0,15.0
249.03,7808.0,0.0,0.0
124.41,7875.25,0.0,14.0
249.59,3641.5,0.0,15.0
250.81,12191.5,0.0,15.0
254.28,8248.75,0.0,15.0
124.5,8286.25,0.0,24.0
124.47,8399.25,1.0,2.0
265.98,3790.75,0.0,15.0
267.17,4013.25,0.0,15.0
375.05,3970.25,1.0,45.0
124.06,8953.25,1.0,19.0
282.92,636.75,0.0,15.0
293.39,0.0,0.0,0.0
306.28,9739.75,0.0,0.0
309.05,569.0,0.0,15.0
1.25,10432.0,1.0,21.0
321.17,809.5,0.0,15.0
322.36,774.0,0.0,15.0
324.88,711.75,0.0,15.0
330.67,42.0,0.0,15.0
338.84,0.0,0.0,0.0
340.02,0.0,0.0,0.0
336.48,455.5,0.0,15.0
337.77,431.0,0.0,15.0
339.13,427.0,0.0,15.0
347.11,0.0,0.0,15.0
0.16,3968.0,0.0,0.0
124.05,11182.25,0.0,8.0
118.47,4012.25,0.0,1.0
123.39,3969.5,1.0,4.0
85.39,56.25,1.0,41.0
124.64,161.75,0.0,15.0
124.03,288.25,0.0,58.0
124.03,171.75,0.0,45.0
11.22,13391.5,0.0,2.0
11.19,9859.0,0.0,2.0
310.09,3969.25,1.0,50.0
32.08,362.0,0.0,15.0
37.34,0.0,0.0,0.0
40.86,2880.5,0.0,0.0
43.72,380.25,0.0,15.0
46.73,388.75,0.0,15.0
4.09,1792.75,0.0,15.0
57.17,1760.25,0.0,0.0
61.33,150.5,0.0,12.0
1.97,3968.0,0.0,15.0
70.72,9739.25,0.0,15.0
76.31,129.0,0.0,15.0
0.31,128.0,1.0,27.0
86.34,0.0,0.0,0.0
88.22,849.5,0.0,15.0
97.92,0.0,0.0,0.0
92.83,940.75,0.0,15.0
94.0,4006.5,0.0,15.0
278.36,3971.5,1.0,37.0
98.73,898.25,0.0,28.0
99.92,898.0,0.0,15.0
0.98,10575.5,0.0,15.0
106.92,874.75,0.0,15.0
110.39,857.75,0.0,15.0
124.09,3648.25,0.0,15.0
117.45,835.25,0.0,15.0
120.97,4030.0,0.0,15.0
25.88,14608.0,0.0,15.0
125.17,4245.25,0.0,15.0
137.75,849.75,0.0,15.0
1.56,128.0,0.0,0.0
4.56,4818.25,1.0,34.0
151.73,19.25,0.0,0.0
5.23,5079.75,0.0,0.0
163.34,0.0,0.0,0.0
164.5,0.0,0.0,0.0
171.48,128.0,0.0,0.0
179.64,0.0,0.0,0.0
183.13,0.0,0.0,0.0
4.66,6086.75,1.0,23.0
191.38,24.0,0.0,0.0
194.88,24.5,0.0,0.0
193.38,473.5,0.0,8.0
111.89,664.75,0.0,0.0
209.25,525.75,0.0,15.0
210.72,522.0,0.0,15.0
214.27,522.5,0.0,15.0
217.7,525.75,0.0,15.0
221.3,538.25,0.0,15.0
230.0,0.0,0.0,0.0
231.17,5696.0,0.0,0.0
234.61,0.0,0.0,0.0
231.42,429.25,0.0,15.0
232.38,437.5,0.0,15.0
233.27,445.25,0.0,15.0
234.34,459.0,0.0,15.0
235.64,484.25,0.0,15.0
241.63,0.0,0.0,0.0
242.78,3271.75,0.0,0.0
238.73,4015.25,0.0,15.0
356.94,3981.5,1.0,7.0
339.05,3983.5,0.0,15.0
260.92,3788.0,0.0,15.0
267.45,8911.5,0.0,15.0
123.06,3970.25,1.0,2.0
284.8,768.0,0.0,15.0
288.28,3712.0,0.0,0.0
1.13,0.0,1.0,57.0
296.44,15808.0,0.0,0.0
301.09,0.0,0.0,0.0
302.27,0.0,0.0,0.0
303.42,0.0,0.0,0.0
304.59,0.0,0.0,0.0
300.3,9715.25,0.0,15.0
303.92,181.75,0.0,15.0
310.7,528.5,0.0,12.0
312.13,17.0,0.0,10.0
314.55,2786.75,0.0,15.0
15.25,15426.0,1.0,26.0
101.27,129.75,1.0,60.0
14.3,9551.5,1.0,41.0
341.89,0.0,1.0,29.0
340.63,451.25,0.0,15.0
345.55,432.25,0.0,15.0
348.95,415.0,0.0,15.0
350.28,410.25,0.0,15.0
462.47,4012.0,0.0,1.0
12.06,377.25,0.0,44.0
2.0,374.75,0.0,15.0
3.7,15055.5,0.0,15.0
11.48,7119.5,0.0,0.0
124.03,449.75,1.0,15.0
124.03,492.25,0.0,40.0
308.08,12367.5,1.0,6.0
0.13,13248.5,0.0,0.0
124.03,1286.25,0.0,55.0
124.03,1391.25,1.0,63.0
13.25,5071.5,1.0,6.0
195.41,3969.0,0.0,6.0
59.33,468.0,0.0,15.0
60.67,467.25,0.0,15.0
66.69,0.0,0.0,0.0
64.05,508.5,0.0,15.0
64.97,3971.25,0.0,15.0
16.83,13120.5,1.0,8.0
4.53,2581.25,0.0,8.0
81.81,0.0,0.0,0.0
82.98,0.0,0.0,0.0
1.31,6592.5,0.0,0.0
89.3,934.5,0.0,3.0
28.63,79.5,0.0,11.0
27.58,5327.5,0.0,12.0
124.09,3384.25,0.0,32.0
60.42,835.25,1.0,53.0
115.27,831.25,0.0,15.0
24.42,5839.5,0.0,15.0
119.88,829.75,0.0,15.0
27.02,2127.5,0.0,15.0
125.41,4022.75,0.0,15.0
126.95,829.25,0.0,15.0
127.97,720.0,0.0,15.0
124.09,4394.25,0.0,21.0
4.09,0.0,1.0,36.0
148.3,14784.5,0.0,0.0
152.97,0.0,0.0,0.0
156.47,16192.5,0.0,0.0
161.14,0.0,0.0,0.0
164.59,0.0,0.0,0.0
168.08,0.0,0.0,0.0
172.73,0.0,0.0,0.0
173.91,0.0,0.0,0.0
175.08,0.0,0.0,0.0
176.23,0.0,0.0,0.0
177.39,0.0,0.0,0.0
179.73,10048.0,0.0,0.0
184.39,5312.0,0.0,0.0
191.28,0.0,0.0,0.0
0.44,6336.5,0.0,0.0
198.23,660.75,0.0,0.0
195.83,669.75,0.0,15.0
10.77,3970.25,0.0,15.0
17.17,12239.5,1.0,25.0
16.31,10319.5,0.0,25.0
217.19,555.75,0.0,15.0
5.86,7238.25,0.0,0.0
227.34,0.0,0.0,0.0
229.67,0.0,0.0,0.0
228.52,448.5,0.0,15.0
229.5,7572.0,0.0,15.0
103.91,15183.5,0.0,0.0
109.81,3919.5,0.0,29.0
246.59,4165.0,0.0,15.0
247.75,4191.0,0.0,15.0
128.92,719.5,0.0,15.0
253.67,3954.5,0.0,15.0
118.89,9935.5,0.0,15.0
124.06,8404.25,1.0,61.0
85.05,3970.25,1.0,34.0
281.2,0.0,0.0,15.0
284.61,0.0,0.0,0.0
285.77,0.0,0.0,0.0
287.2,9828.5,0.0,15.0
297.44,0.0,0.0,0.0
395.14,3970.0,1.0,52.0
300.11,567.25,0.0,15.0
305.16,522.0,0.0,9.0
306.13,523.5,0.0,8.0
313.73,0.0,0.0,0.0
124.91,9950.75,0.0,0.0
314.81,463.5,0.0,15.0
319.39,10308.5,0.0,15.0
328.78,0.0,0.0,0.0
330.05,0.0,0.0,0.0
326.78,438.5,0.0,15.0
332.36,3969.5,0.0,0.0
369.28,6337.5,1.0,49.0
335.94,6.0,0.0,15.0
339.55,3969.5,0.0,15.0
61.36,3969.5,1.0,19.0
491.36,3969.25,1.0,43.0
195.38,13164.75,1.0,34.0
39.39,11584.25,1.0,63.0
6.09,360.25,0.0,15.0
124.03,328.25,1.0,39.0
14.13,356.25,0.0,15.0
11.17,10063.5,1.0,2.0
30.59,0.0,0.0,0.0
31.75,0.0,0.0,0.0
34.08,10432.0,0.0,0.0
37.95,388.75,0.0,15.0
130.88,3969.5,0.0,15.0
45.64,4000.75,0.0,15.0
58.36,0.0,0.0,0.0
124.05,1816.25,0.0,15.0
4.05,2016.25,1.0,28.0
59.03,515.25,0.0,15.0
60.0,1998.75,0.0,15.0
63.39,2177.0,0.0,15.0
73.52,15040.5,0.0,0.0
80.48,0.0,0.0,0.0
77.3,16192.5,0.0,15.0
78.86,859.25,0.0,15.0
29.94,8271.5,0.0,15.0
29.19,14543.5,0.0,10.0
96.22,885.5,1.0,3.0
97.47,3971.25,0.0,15.0
124.39,3343.75,1.0,4.0
52.41,3523.25,1.0,61.0
112.66,832.25,0.0,15.0
119.63,827.0,0.0,15.0
26.7,2127.5,0.0,15.0
26.11,11855.5,0.0,15.0
26.52,4431.5,0.0,15.0
84.48,9667.25,1.0,55.0
26.69,2767.5,1.0,16.0
4.09,14016.5,1.0,58.0
0.86,128.0,0.0,0.0
151.53,15296.5,0.0,0.0
4.52,5185.75,0.0,0.0
166.7,0.0,0.0,0.0
170.2,14016.0,0.0,0.0
174.86,0.0,0.0,0.0
176.03,0.0,0.0,0.0
177.2,0.0,0.0,0.0
178.38,0.0,0.0,0.0
179.53,0.0,0.0,0.0
181.86,0.0,0.0,0.0
351.03,23.0,0.0,0.0
186.55,0.0,0.0,0.0
231.72,23.5,0.0,0.0
190.05,0.0,0.0,0.0
192.38,0.0,0.0,0.0
193.55,128.0,0.0,0.0
18.73,9679.5,0.0,15.0
283.36,3970.0,1.0,24.0
200.77,522.0,1.0,25.0
204.5,522.5,0.0,15.0
209.75,528.5,0.0,15.0
399.14,8474.25,0.0,15.0
216.84,7010.75,0.0,6.0
4.05,7124.75,0.0,11.0
46.88,7372.5,1.0,25.0
234.89,7674.75,0.0,15.0
125.52,7776.75,0.0,15.0
246.53,3904.25,1.0,16.0
124.45,8041.25,0.0,15.0
256.77,618.0,0.0,61.0
258.03,612.25,0.0,15.0
124.06,8366.25,0.0,15.0
265.06,586.25,0.0,15.0
266.25,583.5,0.0,15.0
272.94,0.0,0.0,15.0
275.27,0.0,0.0,0.0
276.45,0.0,0.0,15.0
1.08,128.0,1.0,25.0
283.64,7267.5,0.0,12.0
291.53,12352.0,0.0,0.0
17.59,2895.5,0.0,15.0
1.17,2944.0,1.0,38.0
302.77,11598.5,0.0,8.0
23.17,1359.5,0.0,38.0
478.05,40.0,1.0,59.0
318.08,10262.25,0.0,10.0
321.92,437.5,0.0,15.0
325.8,420.75,0.0,15.0
326.81,10540.5,0.0,15.0
329.89,448.0,0.0,12.0
338.2,0.0,0.0,0.0
13.31,719.5,1.0,15.0
343.3,12879.5,0.0,15.0
346.81,386.25,0.0,15.0
11.88,5327.5,0.0,43.0
355.38,3969.25,1.0,42.0
2.36,359.5,0.0,15.0
302.02,3969.25,1.0,42.0
11.13,3983.5,1.0,1.0
304.05,3969.25,1.0,1.0
124.03,517.25,0.0,38.0
124.03,594.75,0.0,39.0
26.08,0.0,1.0,1.0
27.23,0.0,0.0,0.0
30.73,2639.5,0.0,0.0
124.03,1002.25,0.0,59.0
124.03,389.25,1.0,63.0
34.42,393.25,0.0,15.0
45.95,0.0,0.0,15.0
410.42,2945.5,0.0,15.0
4.17,1732.25,1.0,61.0
52.38,481.0,0.0,15.0
16.78,8399.5,0.0,0.0
65.8,2081.75,0.0,0.0
1.92,128.0,0.0,13.0
76.28,0.0,0.0,0.0
74.69,3971.5,0.0,15.0
436.3,3971.5,1.0,1.0
81.53,2726.0,0.0,15.0
124.09,2981.75,0.0,3.0
124.09,3134.75,1.0,29.0
100.09,851.5,1.0,35.0
101.41,3280.25,0.0,15.0
346.09,717.25,1.0,6.0
25.98,463.5,0.0,13.0
115.53,830.5,0.0,15.0
116.72,831.0,0.0,15.0
124.09,3977.25,0.0,23.0
98.52,3971.5,1.0,3.0
29.7,6474.5,0.0,15.0
4.73,5064.75,0.0,0.0
159.44,0.0,0.0,0.0
160.61,0.0,0.0,0.0
161.78,0.0,0.0,0.0
162.97,0.0,0.0,0.0
164.14,0.0,0.0,0.0
165.31,0.0,0.0,0.0
166.48,0.0,0.0,0.0
167.67,0.0,0.0,0.0
4.84,5440.75,0.0,0.0
171.45,150.5,0.0,9.0
421.08,3982.0,0.0,15.0
120.44,207.5,1.0,53.0
124.25,9199.75,0.0,35.0
124.5,9237.25,1.0,39.0
124.47,9350.25,0.0,37.0
295.7,3770.75,0.0,15.0
112.2,3023.5,1.0,37.0
311.44,0.0,0.0,0.0
308.5,3505.25,0.0,15.0
312.03,3326.75,0.0,15.0
215.2,6695.5,0.0,15.0
324.23,128.0,0.0,0.0
332.45,128.0,0.0,0.0
84.63,10821.25,0.0,0.0
436.08,3973.25,1.0,19.0
356.92,768.0,0.0,15.0
354.38,752.5,0.0,15.0
358.75,515.0,0.0,15.0
13.22,384.0,0.0,15.0
12.17,433.25,0.0,15.0
17.88,0.0,0.0,15.0
15.23,455.25,0.0,12.0
16.58,467.0,0.0,15.0
1.73,128.0,0.0,15.0
23.89,425.75,0.0,15.0
25.19,420.75,0.0,15.0
26.25,6851.25,0.0,15.0
32.19,394.5,0.0,15.0
11.94,2895.5,0.0,4.0
11.55,13903.5,1.0,5.0
354.19,8001.25,1.0,38.0
346.22,3969.25,1.0,6.0
11.38,7503.5,1.0,7.0
70.3,0.0,0.0,0.0
74.97,15104.0,0.0,0.0
496.28,3969.25,1.0,7.0
2.28,3969.5,1.0,48.0
42.3,3969.5,1.0,0.0
100.3,2590.75,1.0,60.0
0.59,960.5,1.0,10.0
86.58,2847.25,0.0,15.0
93.42,3065.75,0.0,13.0
96.7,470.75,0.0,15.0
100.08,510.0,0.0,15.0
105.19,329.75,0.0,8.0
116.97,0.0,0.0,0.0
118.14,3855.25,0.0,0.0
121.64,0.0,0.0,0.0
0.47,128.0,1.0,63.0
110.47,3971.5,1.0,7.0
94.47,3971.5,1.0,44.0
125.72,939.5,0.0,15.0
128.84,924.25,0.0,15.0
130.36,31.5,0.0,15.0
140.33,128.0,0.0,0.0
145.0,0.0,0.0,0.0
4.17,4715.25,0.0,0.0
152.02,2880.0,0.0,0.0
159.02,0.0,0.0,0.0
0.19,4288.5,0.0,0.0
170.69,128.0,0.0,0.0
0.67,5632.0,1.0,6.0
0.88,128.0,0.0,15.0
1.53,128.0,0.0,0.0
189.33,0.0,0.0,0.0
190.48,6720.5,0.0,0.0
193.98,0.0,0.0,0.0
5.16,6282.25,0.0,0.0
199.81,0.0,0.0,0.0
200.98,0.0,0.0,15.0
202.14,6506.25,0.0,0.0
0.8,128.0,0.0,0.0
0.8,8409.75,1.0,63.0
208.72,282.25,0.0,15.0
260.81,3969.0,0.0,15.0
214.03,307.0,0.0,15.0
225.38,128.0,0.0,15.0
124.73,7598.75,0.0,15.0
14.41,719.5,0.0,15.0
124.05,8023.75,0.0,56.0
16.05,847.5,1.0,59.0
255.33,535.5,0.0,15.0
256.25,546.5,0.0,15.0
257.61,553.25,0.0,15.0
258.66,557.75,0.0,15.0
259.8,565.75,0.0,15.0
260.83,570.0,0.0,15.0
262.03,577.75,0.0,15.0
263.2,588.5,0.0,15.0
264.39,604.0,0.0,15.0
265.89,499.75,0.0,15.0
267.41,484.75,0.0,15.0
124.05,8663.25,0.0,28.0
279.23,0.0,0.0,0.0
280.41,8802.25,0.0,0.0
279.7,3973.75,0.0,15.0
3.09,7951.25,1.0,38.0
291.31,3903.0,0.0,15.0
299.53,5720.75,0.0,15.0
315.17,3968.0,0.0,0.0
421.2,9548.75,1.0,39.0
323.45,7872.5,0.0,0.0
330.78,167.75,0.0,9.0
335.2,0.0,0.0,0.0
343.38,0.0,0.0,0.0
346.89,0.0,0.0,15.0
341.16,1348.75,0.0,15.0
351.56,0.0,0.0,0.0
352.73,10319.5,0.0,0.0
19.95,803.0,0.0,43.0
353.56,3969.5,0.0,15.0
81.39,3970.0,1.0,3.0
24.0,129.75,1.0,2.0
10.13,0.0,0.0,0.0
6.75,458.75,0.0,15.0
7.8,445.25,0.0,15.0
8.94,434.5,0.0,15.0
12.45,435.25,0.0,15.0
16.94,459.0,0.0,15.0
0.86,3968.0,0.0,0.0
24.19,423.0,0.0,2.0
36.13,384.0,0.0,1.0
37.3,14532.75,0.0,15.0
124.03,1382.25,0.0,53.0
318.03,11845.75,0.0,50.0
124.03,1879.25,1.0,42.0
356.23,129.25,1.0,12.0
74.33,0.0,0.0,0.0
75.5,0.0,0.0,0.0
72.69,382.25,0.0,15.0
5.91,2864.75,0.0,15.0
86.39,411.0,0.0,15.0
87.27,424.75,0.0,15.0
12.56,13263.5,0.0,15.0
93.06,452.25,0.0,15.0
98.91,0.0,0.0,0.0
95.34,466.25,0.0,15.0
96.19,472.75,0.0,15.0
99.48,8268.5,0.0,15.0
105.97,324.0,0.0,8.0
110.59,0.0,0.0,0.0
108.42,301.25,0.0,7.0
110.28,3694.5,0.0,8.0
0.38,128.0,0.0,0.0
354.45,15.25,1.0,60.0
124.53,0.0,0.0,0.0
121.67,3966.25,0.0,15.0
294.48,3971.5,0.0,15.0
132.2,894.75,0.0,15.0
135.66,907.0,0.0,15.0
136.95,4478.25,0.0,15.0
26.41,11983.5,1.0,6.0
14.58,3971.25,1.0,32.0
154.64,827.25,0.0,15.0
24.7,2639.5,0.0,15.0
169.8,837.5,0.0,15.0
170.86,3971.25,0.0,15.0
158.67,15823.5,1.0,12.0
124.09,5841.25,1.0,3.0
183.69,904.75,0.0,15.0
124.88,5952.25,0.0,15.0
1.16,3968.0,0.0,15.0
193.48,1675.0,0.0,15.0
194.64,1680.0,0.0,15.0
195.88,1664.5,0.0,15.0
198.14,1764.75,0.0,15.0
201.59,1962.5,0.0,15.0
28.72,1088.5,1.0,26.0
221.27,379.75,0.0,15.0
229.81,0.0,0.0,15.0
234.52,634.25,0.0,0.0
232.31,15311.5,0.0,15.0
240.98,535.25,0.0,15.0
242.17,7823.75,0.0,15.0
124.05,8018.75,0.0,59.0
124.05,735.5,1.0,61.0
254.02,522.5,0.0,15.0
255.0,530.25,0.0,15.0
257.23,548.75,0.0,15.0
260.73,566.75,0.0,15.0
262.0,573.25,0.0,15.0
264.22,598.5,0.0,15.0
269.58,475.5,0.0,15.0
270.72,15836.75,0.0,15.0
65.06,3981.25,1.0,29.0
124.42,4017.75,1.0,61.0
505.09,3983.0,1.0,32.0
124.5,4020.75,1.0,21.0
291.16,3905.75,0.0,15.0
45.83,3982.0,0.0,15.0
396.08,130.5,0.0,4.0
5.22,10195.25,1.0,35.0
323.41,0.0,0.0,0.0
324.56,7488.5,0.0,0.0
328.08,0.0,0.0,0.0
331.56,8896.0,0.0,0.0
4.23,10872.25,0.0,0.0
344.42,0.0,0.0,0.0
125.58,10912.75,0.0,0.0
124.16,10952.25,0.0,17.0
257.34,130.0,1.0,7.0
353.28,805.0,0.0,15.0
125.56,11453.75,0.0,15.0
359.27,3969.75,0.0,15.0
4.05,1.25,0.0,0.0
11.2,0.0,0.0,0.0
10.33,429.75,0.0,15.0
13.36,434.75,0.0,15.0
124.16,539.25,0.0,11.0
12.05,14415.5,1.0,9.0
25.33,418.75,0.0,15.0
26.63,413.5,0.0,15.0
29.83,404.25,0.0,15.0
6.08,1348.25,0.0,15.0
10.13,6863.5,1.0,40.0
124.03,13829.0,0.0,58.0
124.16,1423.75,1.0,6.0
11.41,9423.5,1.0,38.0
348.03,3969.25,0.0,42.0
71.94,0.0,0.0,0.0
0.28,3200.0,1.0,46.0
124.03,2430.75,0.0,62.0
79.14,395.0,0.0,15.0
83.97,415.75,0.0,15.0
322.33,3969.5,1.0,31.0
89.28,282.25,0.0,15.0
91.8,443.0,0.0,15.0
246.73,4619.75,0.0,15.0
96.05,472.5,0.0,15.0
97.38,469.75,0.0,15.0
103.33,0.0,0.0,0.0
447.44,2124.5,0.0,15.0
68.03,3473.25,0.0,0.0
0.44,128.0,1.0,33.0
118.53,0.0,1.0,6.0
119.7,6089.5,0.0,0.0
124.36,3968.0,0.0,0.0
438.47,3971.5,1.0,3.0
128.47,928.5,0.0,15.0
4.09,4335.75,0.0,43.0
27.5,2767.5,1.0,17.0
150.02,0.0,0.0,0.0
147.38,844.5,0.0,15.0
148.59,840.25,0.0,15.0
158.94,837.5,0.0,15.0
454.63,3971.0,1.0,18.0
480.63,3971.0,1.0,53.0
46.64,5199.5,1.0,40.0
174.13,850.5,1.0,59.0
175.3,854.75,0.0,15.0
124.09,5720.25,0.0,33.0
185.75,916.75,0.0,15.0
196.81,0.0,0.0,15.0
190.86,1633.25,0.0,15.0
192.02,1642.5,0.0,15.0
193.19,1639.25,0.0,15.0
125.81,6438.75,0.0,15.0
206.41,1184.25,0.0,12.0
188.81,6083.5,1.0,9.0
89.47,3983.5,0.0,26.0
221.48,450.25,0.0,15.0
492.86,3969.5,1.0,57.0
77.08,7391.75,0.0,15.0
20.61,11087.5,1.0,2.0
239.41,561.0,1.0,29.0
240.48,555.0,0.0,15.0
244.09,528.0,0.0,15.0
245.42,7885.0,0.0,15.0
248.88,521.25,0.0,15.0
252.44,15051.0,0.0,15.0
256.86,554.75,0.0,15.0
260.56,8445.25,0.0,15.0
124.05,9107.25,0.0,52.0
269.2,4002.75,0.0,15.0
0.08,3968.0,1.0,44.0
387.08,3981.75,1.0,1.0
124.63,9155.75,0.0,15.0
289.27,4069.25,0.0,15.0
70.77,164.75,0.0,15.0
295.45,9780.25,0.0,15.0
299.09,3589.5,0.0,15.0
311.33,0.0,0.0,0.0
314.84,0.0,0.0,0.0
319.53,11200.0,0.0,15.0
316.83,793.75,0.0,15.0
1.27,128.0,1.0,17.0
331.27,0.0,0.0,7.0
334.78,0.0,0.0,0.0
339.45,1920.0,0.0,0.0
124.17,10901.25,0.0,13.0
345.75,542.0,0.0,9.0
348.91,635.75,0.0,15.0
351.78,818.25,0.0,0.0
23.09,5056.5,1.0,15.0
124.05,43.25,0.0,15.0
124.05,465.75,0.0,4.0
9.59,2944.0,0.0,0.0
8.64,439.0,0.0,15.0
13.53,14656.5,1.0,1.0
16.53,468.5,0.0,15.0
17.89,456.75,0.0,15.0
23.47,425.75,0.0,15.0
13.17,3919.5,0.0,15.0
90.66,2564.0,0.0,3.0
4.13,3969.5,0.0,6.0
366.17,3969.25,1.0,54.0
11.39,5199.5,1.0,6.0
124.03,1802.25,1.0,43.0
348.22,3969.25,1.0,42.0
71.63,128.0,0.0,0.0
76.31,3969.25,0.0,0.0
11.94,12879.5,1.0,9.0
12.0,6351.5,1.0,9.0
90.28,0.0,0.0,1.0
87.0,1999.5,0.0,15.0
13.84,10959.5,1.0,11.0
13.67,3151.5,1.0,11.0
14.08,3648.5,0.0,11.0
94.8,465.0,0.0,15.0
489.09,3969.75,0.0,0.0
22.41,2945.25,1.0,20.0
9.52,11720.5,0.0,13.0
110.81,302.0,0.0,8.0
114.78,0.0,0.0,0.0
115.95,128.0,0.0,0.0
121.78,10688.5,0.0,0.0
96.47,899.75,1.0,48.0
127.03,934.0,0.0,15.0
128.22,4176.25,0.0,15.0
131.86,379.0,0.0,15.0
138.88,881.5,0.0,15.0
140.03,4553.75,0.0,15.0
124.09,1426.5,1.0,16.0
22.58,3971.25,1.0,20.0
154.14,827.75,0.0,15.0
155.27,826.5,0.0,15.0
414.45,16147.5,0.0,15.0
162.3,14330.75,0.0,15.0
166.94,3971.25,0.0,15.0
490.33,4501.5,1.0,21.0
294.69,3971.25,1.0,18.0
183.09,899.75,0.0,15.0
186.55,926.0,0.0,15.0
189.42,1650.25,0.0,15.0
196.75,1718.0,1.0,2.0
198.66,1816.0,0.0,15.0
44.78,3975.5,1.0,4.0
412.78,3972.75,1.0,46.0
300.8,3972.0,1.0,46.0
218.78,0.0,0.0,0.0
218.25,528.75,0.0,15.0
124.05,511.75,0.0,47.0
225.55,7302.0,0.0,15.0
348.89,3969.5,1.0,16.0
238.69,396.0,1.0,29.0
13.27,3407.5,0.0,15.0
279.06,6046.5,1.0,30.0
251.06,525.0,0.0,15.0
16.42,12239.5,0.0,15.0
16.73,4303.5,0.0,31.0
258.11,571.0,0.0,15.0
261.45,8491.25,0.0,15.0
266.5,181.0,0.0,15.0
1.06,3968.0,1.0,38.0
275.69,9712.75,0.0,15.0
280.33,3692.5,0.0,15.0
281.5,3983.0,0.0,15.0
405.09,9194.25,1.0,58.0
122.31,9551.5,0.0,36.0
123.75,12495.5,0.0,36.0
124.45,3982.0,1.0,0.0
114.75,10944.5,0.0,37.0
315.88,0.0,0.0,0.0
317.05,0.0,0.0,0.0
319.52,0.0,0.0,0.0
320.55,6528.0,0.0,0.0
324.19,10486.25,0.0,0.0
333.58,0.0,0.0,0.0
1.3,128.0,0.0,0.0
340.61,0.0,1.0,35.0
134.33,130.75,0.0,15.0
40.2,4681.5,0.0,42.0
345.91,11274.25,0.0,9.0
355.73,0.0,0.0,15.0
358.63,3970.75,0.0,15.0
14.0,1100.5,1.0,0.0
5.97,460.25,0.0,15.0
9.95,431.25,0.0,15.0
17.81,0.0,0.0,0.0
17.75,456.5,0.0,15.0
21.53,436.5,0.0,15.0
22.7,9027.0,0.0,15.0
166.95,3969.5,1.0,3.0
136.11,3969.5,1.0,3.0
108.11,3969.5,1.0,43.0
36.58,382.25,0.0,15.0
38.09,379.75,0.0,15.0
39.63,374.75,0.0,15.0
41.88,369.75,0.0,15.0
45.61,11653.75,0.0,15.0
356.03,3969.25,1.0,46.0
338.03,11207.25,0.0,42.0
76.22,0.0,0.0,0.0
73.19,12111.5,0.0,15.0
12.0,2527.75,1.0,9.0
86.72,2917.25,0.0,15.0
94.78,465.25,0.0,15.0
95.67,472.25,0.0,15.0
99.08,511.0,0.0,15.0
100.2,509.5,0.0,15.0
101.44,517.75,0.0,15.0
102.5,528.5,0.0,15.0
105.11,329.75,0.0,8.0
108.42,302.5,0.0,14.0
115.89,0.0,0.0,0.0
117.05,0.0,0.0,0.0
119.39,0.0,0.0,0.0
120.56,0.0,0.0,0.0
125.72,3787.25,0.0,0.0
120.17,841.25,0.0,1.0
123.23,952.75,0.0,15.0
124.56,4098.25,0.0,15.0
480.5,3971.25,0.0,3.0
124.09,4363.75,1.0,30.0
139.97,874.25,0.0,15.0
146.09,845.5,0.0,34.0
122.2,1170.75,0.0,15.0
162.14,825.25,0.0,15.0
165.64,8957.25,0.0,15.0
124.09,3971.25,0.0,9.0
177.05,864.25,1.0,3.0
124.09,5815.75,0.0,15.0
185.31,914.0,1.0,3.0
186.47,919.5,0.0,15.0
29.58,2752.5,0.0,15.0
124.19,6204.75,1.0,43.0
195.06,1665.5,0.0,15.0
196.17,1681.25,0.0,15.0
197.34,1729.25,0.0,15.0
186.47,10137.0,0.0,15.0
124.19,6589.75,1.0,61.0
125.2,6714.25,0.0,15.0
213.44,560.0,0.0,15.0
219.27,6492.5,0.0,15.0
232.61,0.0,0.0,0.0
233.78,7317.75,0.0,0.0
4.31,7594.25,0.0,25.0
235.09,665.5,0.0,15.0
124.16,7797.25,0.0,15.0
248.53,524.75,0.0,15.0
253.3,3986.5,0.0,15.0
257.86,8367.25,0.0,15.0
125.13,8468.75,0.0,15.0
15.83,6223.5,1.0,33.0
0.22,3968.0,0.0,15.0
277.8,3550.75,0.0,15.0
278.95,3767.0,0.0,15.0
282.47,3837.75,0.0,15.0
287.11,3992.5,0.0,15.0
290.63,4005.75,0.0,15.0
291.81,9413.25,0.0,15.0
125.14,9565.75,1.0,43.0
300.06,462.5,0.0,15.0
311.2,0.0,0.0,0.0
350.36,130.5,0.0,15.0
1.22,960.0,1.0,23.0
316.73,10455.75,0.0,14.0
327.63,0.0,0.0,0.0
329.06,11464.5,0.0,13.0
5.19,0.0,1.0,41.0
335.81,10858.75,0.0,0.0
340.5,512.0,0.0,0.0
338.16,713.75,0.0,10.0
340.59,1400.25,0.0,0.0
341.8,2446.5,0.0,15.0
413.38,3907.0,1.0,54.0
354.25,4332.5,0.0,15.0
358.84,10690.5,0.0,15.0
98.02,1.75,1.0,0.0
9.88,559.25,0.0,15.0
14.28,480.75,0.0,15.0
22.52,3968.0,0.0,0.0
124.41,954.25,0.0,15.0
106.11,3969.5,1.0,39.0
22.13,3969.5,1.0,29.0
470.14,3969.25,1.0,16.0
404.16,3969.25,1.0,41.0
124.03,1492.75,1.0,1.0
358.19,3969.25,1.0,5.0
11.33,11015.0,0.0,6.0
344.22,3969.25,1.0,22.0
124.03,2208.75,0.0,44.0
70.66,0.0,0.0,0.0
74.17,0.0,0.0,0.0
500.28,16079.5,1.0,16.0
80.3,401.25,1.0,42.0
82.55,2197.25,0.0,15.0
87.13,2869.75,0.0,15.0
93.02,6208.5,0.0,9.0
95.06,466.25,0.0,15.0
96.03,470.0,0.0,15.0
103.44,6464.0,0.0,0.0
15.94,14159.5,0.0,12.0
223.7,7293.25,0.0,15.0
116.06,7275.25,1.0,10.0
236.3,0.0,0.0,15.0
241.41,414.75,0.0,15.0
15.22,6080.5,0.0,15.0
124.5,8105.75,0.0,15.0
256.48,3905.75,1.0,2.0
258.0,3941.5,0.0,15.0
261.56,8567.0,0.0,15.0
124.06,3972.75,1.0,38.0
167.05,3970.25,1.0,57.0
275.3,586.5,0.0,15.0
282.08,0.0,0.0,15.0
283.16,0.0,0.0,15.0
284.31,0.0,0.0,0.0
285.48,0.0,0.0,15.0
5.06,15.5,1.0,36.0
293.67,9792.5,0.0,0.0
301.86,3968.0,0.0,0.0
17.47,3970.0,1.0,37.0
308.53,503.25,1.0,50.0
60.05,10022.75,0.0,13.0
321.88,3968.0,0.0,12.0
14.08,2127.5,1.0,11.0
5.8,10637.25,0.0,40.0
328.86,457.5,0.0,15.0
334.75,3968.0,0.0,0.0
335.13,421.5,0.0,1.0
336.13,425.25,0.0,15.0
339.56,454.75,0.0,13.0
347.66,0.0,0.0,0.0
294.41,3969.5,0.0,15.0
133.36,3969.5,1.0,55.0
12.0,3983.5,0.0,44.0
433.39,12097.25,1.0,62.0
124.03,266.75,1.0,45.0
282.03,3969.25,1.0,1.0
11.25,3968.0,0.0,1.0
20.11,352.25,0.0,15.0
267.61,3969.25,0.0,15.0
36.81,0.0,0.0,0.0
40.31,0.0,0.0,0.0
125.48,1271.75,0.0,0.0
10.03,2255.5,0.0,53.0
47.59,395.75,0.0,5.0
12.91,6336.5,0.0,15.0
55.91,430.25,0.0,15.0
56.92,1886.25,0.0,12.0
124.05,2030.75,0.0,0.0
64.48,487.75,0.0,15.0
65.92,487.0,0.0,15.0
71.97,0.0,0.0,0.0
68.97,533.0,0.0,15.0
73.47,3978.5,0.0,15.0
20.5,2566.25,0.0,9.0
24.3,4427.5,0.0,8.0
25.2,3968.5,0.0,10.0
196.33,10691.5,1.0,58.0
29.23,3791.5,1.0,11.0
95.95,917.0,0.0,15.0
496.38,8259.25,1.0,47.0
106.63,866.5,0.0,15.0
252.42,3971.25,1.0,3.0
152.42,3971.25,1.0,44.0
124.44,3971.25,1.0,27.0
124.09,15860.25,1.0,9.0
126.63,400.25,0.0,15.0
132.52,3971.25,1.0,25.0
138.33,861.0,0.0,15.0
339.39,3971.25,0.0,15.0
124.09,3969.25,0.0,48.0
28.25,5586.5,1.0,18.0
478.61,3974.25,1.0,15.0
162.0,1716.25,0.0,6.0
163.11,1782.0,0.0,15.0
56.28,5327.5,0.0,15.0
174.84,3648.0,0.0,0.0
175.59,5731.0,0.0,15.0
179.23,3985.0,0.0,15.0
124.06,14551.5,1.0,20.0
189.41,575.75,0.0,15.0
190.47,588.5,0.0,15.0
5.28,6350.75,0.0,0.0
192.19,16024.5,0.0,15.0
206.53,0.0,0.0,0.0
205.98,553.0,0.0,15.0
209.61,521.5,0.0,15.0
210.75,6793.25,0.0,15.0
214.28,3979.0,0.0,15.0
16.88,3535.5,0.0,15.0
68.06,7415.75,1.0,52.0
235.31,411.0,0.0,15.0
239.97,416.75,0.0,15.0
388.94,3969.5,0.0,15.0
14.09,2433.75,1.0,30.0
216.95,8001.75,1.0,12.0
124.5,8066.25,0.0,15.0
260.33,3800.0,0.0,15.0
261.53,3639.0,0.0,15.0
262.7,8509.25,0.0,15.0
124.06,8656.75,1.0,33.0
99.06,2.25,1.0,8.0
284.36,0.0,0.0,0.0
1.11,3712.0,1.0,60.0
297.75,0.0,0.0,0.0
297.28,0.0,0.0,0.0
298.45,0.0,0.0,0.0
299.63,128.0,0.0,0.0
300.19,12751.5,0.0,15.0
304.7,2432.0,0.0,15.0
309.72,9922.5,0.0,10.0
319.94,0.0,0.0,9.0
86.77,3971.0,0.0,0.0
124.08,10226.75,0.0,41.0
322.69,14440.5,0.0,15.0
0.75,3968.0,0.0,0.0
301.3,42.5,1.0,35.0
343.06,0.0,0.0,15.0
346.47,0.0,0.0,0.0
347.64,11008.0,0.0,0.0
13.11,409.25,1.0,43.0
350.47,3905.5,0.0,15.0
461.39,3969.25,1.0,30.0
390.0,3969.25,1.0,15.0
376.0,3969.25,1.0,51.0
124.03,9673.25,0.0,41.0
15.08,11622.25,0.0,15.0
21.75,351.75,1.0,2.0
22.7,8480.0,0.0,15.0
29.48,356.5,0.0,15.0
34.63,0.0,0.0,0.0
35.8,128.0,0.0,0.0
472.16,3969.25,1.0,6.0
496.16,3969.25,1.0,52.0
47.06,392.0,0.0,15.0
48.16,1359.5,0.0,15.0
466.19,7046.5,1.0,39.0
416.22,3969.5,1.0,10.0
124.05,1966.25,1.0,38.0
15.05,5327.5,0.0,18.0
67.95,533.5,0.0,15.0
69.14,533.75,0.0,15.0
70.27,6080.5,0.0,15.0
76.95,10319.5,0.0,15.0
83.61,780.75,0.0,15.0
124.09,2814.75,1.0,54.0
29.44,11983.5,0.0,3.0
95.03,920.0,1.0,11.0
4.09,3392.75,0.0,15.0
124.09,3306.75,0.0,15.0
27.09,865.0,1.0,13.0
111.63,862.5,0.0,15.0
112.73,857.5,0.0,15.0
125.91,3683.25,0.0,15.0
124.09,3721.75,1.0,19.0
124.09,3836.25,1.0,12.0
124.09,10831.5,0.0,12.0
26.33,4047.5,1.0,15.0
15.98,3971.25,0.0,15.0
182.52,3971.25,1.0,33.0
318.53,3971.25,1.0,54.0
146.63,913.25,1.0,55.0
318.58,20.0,1.0,42.0
124.22,5079.25,0.0,15.0
162.61,1773.75,1.0,60.0
219.34,6228.75,0.0,14.0
39.83,16207.5,0.0,0.0
183.41,2839.75,0.0,0.0
179.47,2819.5,0.0,15.0
250.67,4887.0,0.0,15.0
18.14,580.5,1.0,23.0
189.58,589.5,0.0,15.0
4.34,6358.25,0.0,0.0
197.67,659.5,0.0,15.0
201.19,609.75,0.0,15.0
206.23,551.5,0.0,15.0
209.98,522.75,0.0,15.0
211.03,523.0,0.0,15.0
212.23,524.0,0.0,15.0
214.53,463.5,0.0,15.0
16.88,3970.0,1.0,27.0
480.86,3970.0,1.0,19.0
226.06,593.75,0.0,15.0
236.91,3969.5,1.0,54.0
280.91,3969.5,1.0,35.0
238.19,485.25,0.0,9.0
251.5,11456.0,0.0,0.0
124.47,4189.25,0.0,7.0
252.16,14159.5,0.0,15.0
13.0,3982.75,1.0,15.0
265.92,620.0,0.0,15.0
18.86,6863.5,0.0,33.0
274.41,588.0,0.0,15.0
275.42,10.0,0.0,15.0
284.47,16320.5,0.0,11.0
291.42,0.0,0.0,15.0
292.67,0.0,0.0,0.0
293.84,128.0,0.0,0.0
1.16,128.0,0.0,0.0
300.14,563.5,0.0,15.0
303.83,3253.75,0.0,15.0
15.19,9922.0,1.0,50.0
312.3,8128.5,0.0,9.0
318.56,741.25,0.0,15.0
331.55,440.5,0.0,15.0
335.36,420.75,0.0,15.0
336.53,4010.75,0.0,15.0
181.31,129.75,1.0,9.0
347.86,6863.5,0.0,0.0
159.36,3969.5,0.0,1.0
455.39,3969.25,0.0,44.0
124.03,90.75,1.0,51.0
124.03,120.25,0.0,48.0
124.03,245.75,0.0,46.0
124.03,8258.25,0.0,33.0
23.86,353.0,0.0,15.0
25.09,353.25,0.0,15.0
26.11,354.0,0.0,15.0
11.11,13775.5,0.0,3.0
1.19,448.5,0.0,3.0
0.14,128.0,1.0,50.0
476.16,3969.25,1.0,11.0
498.16,3969.25,1.0,52.0
74.17,3969.5,1.0,5.0
0.2,7759.5,1.0,63.0
486.22,3969.5,0.0,1.0
61.7,466.5,1.0,41.0
62.92,10376.0,0.0,15.0
71.22,0.0,0.0,0.0
72.39,0.0,0.0,0.0
68.39,533.25,0.0,15.0
69.55,535.25,0.0,15.0
73.77,589.75,0.0,15.0
75.0,606.0,0.0,15.0
81.56,730.5,0.0,15.0
158.77,3971.0,0.0,15.0
124.09,2820.75,0.0,10.0
29.23,7503.5,1.0,11.0
192.36,899.5,1.0,39.0
98.78,4028.0,0.0,15.0
104.09,873.0,0.0,61.0
107.06,7457.25,0.0,15.0
124.42,3653.75,1.0,19.0
124.09,3690.75,0.0,19.0
124.09,3727.25,1.0,16.0
26.45,3151.5,1.0,30.0
26.19,4028.25,1.0,15.0
27.16,4687.5,0.0,15.0
26.05,1231.5,1.0,16.0
124.09,4437.25,0.0,29.0
124.09,4548.75,0.0,32.0
32.09,3971.5,0.0,48.0
80.56,2883.5,1.0,28.0
161.44,4992.0,0.0,0.0
32.61,3974.5,1.0,32.0
162.47,16232.0,0.0,15.0
56.2,9676.5,0.0,20.0
171.08,4026.25,0.0,15.0
286.67,131.5,1.0,30.0
178.59,108.25,0.0,15.0
124.06,3970.25,1.0,42.0
191.5,2647.5,0.0,15.0
20.13,5839.5,0.0,15.0
200.22,681.75,0.0,15.0
201.47,603.25,0.0,15.0
205.39,8427.25,0.0,15.0
210.22,3970.0,0.0,15.0
217.13,533.25,1.0,11.0
218.16,544.0,0.0,15.0
221.56,8311.25,0.0,15.0
68.06,7243.25,0.0,9.0
354.89,7506.75,1.0,22.0
240.08,0.0,0.0,15.0
239.2,166.25,0.0,15.0
244.2,3666.25,0.0,15.0
438.98,7390.75,0.0,0.0
124.47,8232.25,1.0,3.0
260.77,3776.25,0.0,15.0
266.2,618.75,0.0,15.0
267.55,612.25,0.0,15.0
212.77,3970.25,0.0,15.0
124.06,8789.75,1.0,2.0
284.81,0.0,0.0,15.0
288.33,960.0,0.0,0.0
5.19,8512.5,0.0,36.0
294.2,0.0,0.0,0.0
1.38,128.0,0.0,0.0
299.41,8783.5,0.0,15.0
308.09,504.25,0.0,12.0
312.69,511.75,0.0,8.0
39.94,40.0,0.0,8.0
321.33,14823.5,0.0,0.0
508.91,3969.75,0.0,15.0
14.75,14415.5,1.0,40.0
335.39,0.0,0.0,0.0
331.72,484.25,0.0,15.0
333.2,3279.5,0.0,15.0
335.53,423.25,0.0,15.0
343.63,0.0,0.0,0.0
339.98,460.0,0.0,15.0
347.16,11520.0,0.0,0.0
315.34,11198.25,1.0,9.0
198.47,1324.25,0.0,1.0
473.39,3969.25,0.0,1.0
449.39,3969.25,1.0,46.0
11.56,8783.5,1.0,0.0
11.13,3968.0,1.0,1.0
124.03,3969.25,1.0,35.0
125.0,707.75,1.0,2.0
10.03,9551.5,1.0,32.0
11.06,975.5,1.0,3.0
4.03,1132.25,0.0,45.0
38.91,3904.0,0.0,0.0
484.16,3969.25,1.0,33.0
46.5,391.25,0.0,15.0
47.42,394.75,0.0,15.0
48.84,398.5,0.0,15.0
124.19,1732.75,1.0,33.0
14.5,1999.5,0.0,1.0
124.05,2103.75,1.0,39.0
68.88,534.0,0.0,15.0
70.11,12892.75,0.0,15.0
73.38,583.0,0.0,15.0
0.36,5199.5,0.0,15.0
79.97,696.5,0.0,13.0
44.31,3459.0,1.0,42.0
124.09,2806.75,0.0,43.0
91.22,936.5,0.0,15.0
92.34,932.25,0.0,15.0
95.47,922.0,0.0,15.0
95.88,12239.5,0.0,15.0
102.92,887.5,0.0,3.0
124.09,3448.75,0.0,15.0
124.09,3994.25,1.0,31.0
114.77,848.0,1.0,3.0
115.94,841.5,0.0,15.0
119.5,7503.5,0.0,15.0
127.77,829.25,0.0,15.0
128.91,10319.5,0.0,15.0
138.09,861.5,0.0,17.0
125.41,4571.75,0.0,15.0
124.09,3199.25,0.0,51.0
28.38,911.5,1.0,18.0
150.94,5150.25,0.0,15.0
162.11,0.0,0.0,15.0
124.19,5072.75,1.0,62.0
161.95,1728.25,0.0,15.0
166.64,1796.25,0.0,15.0
174.88,2176.0,0.0,0.0
175.55,933.0,0.0,15.0
183.22,0.0,0.0,0.0
178.06,2859.5,0.0,15.0
18.44,11983.5,1.0,2.0
198.45,6272.0,0.0,0.0
125.02,6556.25,0.0,15.0
209.52,8525.0,0.0,15.0
16.38,4431.5,0.0,26.0
217.84,539.25,0.0,15.0
124.97,7080.25,0.0,15.0
224.63,586.0,0.0,15.0
234.78,0.0,0.0,0.0
231.23,16207.5,0.0,15.0
238.27,426.25,0.0,15.0
239.44,428.25,0.0,15.0
247.69,0.0,0.0,0.0
243.61,9039.5,0.0,15.0
476.97,3984.0,0.0,15.0
255.41,3931.25,0.0,15.0
54.58,3982.75,0.0,15.0
27.02,3982.25,0.0,14.0
205.05,3970.25,1.0,14.0
277.16,632.75,0.0,15.0
284.13,0.0,0.0,0.0
1.11,128.0,1.0,15.0
291.19,0.0,0.0,15.0
294.69,0.0,0.0,0.0
1.86,11328.5,0.0,0.0
298.69,13299.75,0.0,15.0
302.27,563.5,0.0,15.0
303.38,14197.0,0.0,15.0
312.28,0.0,0.0,0.0
308.33,16253.75,0.0,11.0
310.7,520.5,0.0,8.0
319.33,0.0,0.0,0.0
316.72,785.25,0.0,15.0
321.02,9.5,0.0,15.0
325.34,11328.5,0.0,15.0
329.77,453.25,0.0,15.0
333.61,166.25,0.0,15.0
4.05,47.75,1.0,0.0
345.47,6827.75,0.0,15.0
353.72,72.0,1.0,15.0
124.03,38.25,0.0,60.0
124.03,342.75,0.0,38.0
11.42,10447.5,0.0,1.0
17.61,352.75,0.0,15.0
19.16,352.5,0.0,15.0
259.98,3969.25,0.0,15.0
24.92,352.75,0.0,15.0
26.28,354.0,0.0,15.0
11.13,0.5,0.0,3.0
36.89,0.0,0.0,0.0
38.08,0.0,0.0,0.0
39.25,0.0,0.0,0.0
40.42,0.0,0.0,0.0
428.14,3969.25,0.0,0.0
124.03,3969.25,1.0,56.0
124.02,1535.25,0.0,5.0
55.7,430.5,0.0,15.0
59.25,449.5,0.0,15.0
65.03,0.0,0.0,0.0
66.06,5640.25,0.0,15.0
125.23,2285.75,0.0,15.0
212.28,2498.75,1.0,19.0
82.38,752.75,0.0,15.0
26.45,6735.5,0.0,10.0
124.09,2812.75,1.0,52.0
90.22,3971.5,0.0,15.0
97.44,874.75,0.0,15.0
98.56,890.0,0.0,15.0
124.09,3995.25,0.0,41.0
124.09,3530.25,0.0,31.0
124.09,5646.0,0.0,31.0
120.09,839.25,0.0,12.0
122.09,837.75,0.0,15.0
124.09,4020.75,0.0,15.0
126.8,4030.75,0.0,15.0
124.09,4281.75,1.0,14.0
124.09,10445.25,1.0,29.0
146.55,904.0,0.0,15.0
147.73,912.25,0.0,15.0
150.02,12367.5,0.0,15.0
157.55,1664.5,0.0,15.0
165.67,1792.0,0.0,15.0
166.81,1806.25,0.0,15.0
175.06,0.0,0.0,0.0
169.28,1626.25,0.0,15.0
170.66,1274.0,0.0,15.0
171.97,1112.5,0.0,15.0
125.48,5587.75,0.0,15.0
410.23,15062.75,0.0,15.0
18.55,12367.5,0.0,23.0
472.73,6274.25,1.0,16.0
124.63,6287.25,0.0,0.0
310.77,6466.5,1.0,60.0
124.06,4000.75,1.0,5.0
213.47,6935.25,0.0,15.0
217.89,541.75,0.0,15.0
222.58,573.5,0.0,15.0
223.66,580.5,0.0,15.0
13.63,7246.5,1.0,29.0
247.95,0.0,0.0,0.0
249.14,0.0,0.0,0.0
248.55,4002.75,0.0,15.0
249.7,4078.5,0.0,15.0
252.11,4217.25,0.0,15.0
256.84,3882.0,0.0,15.0
258.03,3963.0,0.0,15.0
259.2,3776.25,0.0,15.0
260.42,3780.0,0.0,15.0
261.61,3647.5,0.0,15.0
262.77,3593.25,0.0,15.0
265.89,621.0,0.0,15.0
267.05,3970.25,0.0,15.0
197.05,3970.25,1.0,22.0
287.83,0.0,0.0,0.0
5.14,0.5,1.0,36.0
296.02,9536.0,0.0,0.0
124.7,9564.25,0.0,0.0
303.56,9834.25,0.0,15.0
76.05,511.5,0.0,57.0
311.97,10264.25,0.0,8.0
321.94,0.0,0.0,15.0
113.17,865.75,0.0,15.0
114.38,7822.25,0.0,15.0
124.09,3885.25,1.0,27.0
240.47,11087.5,1.0,58.0
124.09,4109.75,1.0,32.0
132.0,875.75,0.0,15.0
462.52,3971.25,0.0,15.0
140.02,912.5,1.0,17.0
141.22,9685.75,0.0,15.0
148.17,970.75,0.0,15.0
159.34,0.0,0.0,0.0
160.52,0.0,0.0,0.0
443.69,14419.25,0.0,0.0
156.86,1777.0,0.0,15.0
172.25,0.0,0.0,0.0
166.8,4003.0,0.0,12.0
172.94,4012.25,0.0,15.0
84.33,9551.5,0.0,41.0
187.05,501.0,0.0,15.0
199.16,0.0,0.0,0.0
132.77,3023.5,1.0,20.0
15.97,11087.5,1.0,25.0
15.75,4943.5,1.0,25.0
210.78,477.0,0.0,15.0
211.66,6852.25,0.0,15.0
215.13,500.0,0.0,15.0
218.73,503.25,0.0,15.0
219.89,4027.5,0.0,15.0
223.11,533.0,0.0,15.0
226.31,0.0,0.0,15.0
235.5,7412.25,0.0,0.0
101.61,11467.5,0.0,29.0
92.14,128.5,0.0,29.0
0.95,0.0,1.0,40.0
251.94,0.0,0.0,0.0
0.98,448.0,1.0,47.0
263.81,0.0,0.0,0.0
264.98,11008.0,0.0,0.0
265.53,285.0,0.0,10.0
269.7,0.0,0.0,0.0
272.06,4812.5,0.0,0.0
276.78,0.0,0.0,0.0
0.22,2760.5,0.0,11.0
283.77,0.0,0.0,0.0
287.3,0.0,0.0,0.0
290.81,0.0,0.0,0.0
294.34,0.0,0.0,0.0
295.52,128.0,0.0,0.0
0.56,1344.5,0.0,0.0
309.69,128.0,0.0,9.0
312.52,6208.5,0.0,7.0
321.45,15689.5,0.0,0.0
323.17,399.25,0.0,15.0
327.16,368.0,0.0,15.0
124.09,10588.75,0.0,15.0
338.02,0.0,1.0,1.0
339.2,0.0,0.0,0.0
340.38,10930.25,0.0,0.0
343.0,150.0,0.0,15.0
346.28,0.0,0.0,0.0
351.0,0.0,0.0,0.0
0.17,128.0,0.0,0.0
1.38,128.0,1.0,15.0
354.05,384.25,0.0,15.0
11.73,7631.5,0.0,44.0
2.28,367.0,0.0,15.0
11.34,10831.5,0.0,0.0
360.03,2177.0,0.0,39.0
17.88,357.75,0.0,15.0
18.77,9551.5,0.0,15.0
11.22,3663.5,0.0,2.0
124.03,904.75,1.0,41.0
35.59,0.0,0.0,0.0
0.14,128.0,1.0,36.0
262.17,129.5,1.0,18.0
56.2,1793.75,1.0,11.0
0.8,1487.5,0.0,15.0
63.25,527.25,0.0,15.0
124.5,2100.25,0.0,15.0
18.55,8399.5,0.0,15.0
124.5,2313.25,0.0,8.0
73.33,661.75,0.0,15.0
74.53,683.25,0.0,15.0
75.58,706.75,0.0,15.0
76.61,730.25,0.0,15.0
77.83,756.5,0.0,15.0
78.92,785.0,0.0,15.0
80.0,817.0,0.0,15.0
29.06,3791.5,1.0,10.0
86.78,976.25,0.0,10.0
472.34,3971.5,1.0,47.0
95.11,933.25,1.0,23.0
99.8,915.5,0.0,15.0
27.64,3535.5,1.0,13.0
118.63,859.5,0.0,15.0
26.84,7951.5,1.0,15.0
262.48,3971.25,1.0,24.0
130.23,872.0,0.0,15.0
124.09,4321.25,0.0,51.0
66.53,16335.5,1.0,18.0
145.5,946.75,1.0,36.0
153.14,0.0,0.0,0.0
147.8,3968.0,0.0,15.0
150.56,1964.0,0.0,15.0
159.02,5126.25,0.0,0.0
419.36,3974.75,0.0,0.0
56.52,5158.75,0.0,19.0
42.06,3276.5,0.0,15.0
170.08,943.25,1.0,4.0
177.78,3979.0,0.0,0.0
